Experimental,Predicted,ID,RecordID
3.000000,2.233660,71686,255
0.600000,1.491790,71687,257
3.100000,1.216640,71688,259
2.100000,2.147640,71689,743
3.100000,-2.540800,71690,745
3.100000,1.701580,71691,747
3.700000,3.888480,71692,749
3.100000,0.056226,71693,751
2.100000,2.757570,71694,753
-1.500000,3.886710,71695,755
-2.035000,-3.987800,71696,2336
-0.650000,-1.237470,71697,2345
4.250000,0.963896,71698,2354
2.050000,0.202073,71699,2363
1.000000,-0.862275,71700,2280
7.400000,4.024000,71701,2289
1.550000,0.569926,71702,2298
4.250000,2.244040,71703,2307
1.250000,-1.265300,71704,2315
-0.150000,-0.774673,71705,2323
3.200000,1.393400,71706,2330
5.050000,-0.206031,71707,2339
0.716667,2.044090,71708,188
1.026667,4.136060,71710,205
1.833333,0.662322,71712,221
0.910000,2.127360,71714,69
2.085000,1.692240,71716,83
0.943333,0.696431,71718,98
2.350000,0.643665,71720,109
3.500000,3.317400,71722,126
0.240000,1.610800,71724,142
3.527500,4.768840,71726,159
4.500000,4.346500,71728,177
1.580000,1.468360,71730,193
2.142500,3.003400,71733,57
2.316667,-0.379762,71735,75
-0.090000,-1.438160,71737,89
1.043333,1.143410,71739,103
3.680000,3.602300,71741,115
1.215000,1.670390,71743,133
1.800000,1.274110,71745,148
0.090000,0.411198,71747,165
1.977500,2.388380,71749,183
0.185000,0.509314,71752,216
1.430000,1.896510,71755,79
1.116667,1.009710,71757,93
2.550000,2.565760,71759,106
1.573333,1.842670,71761,120
2.326667,2.323880,71763,137
1.593333,0.639259,71765,153
4.720000,2.515470,71767,171
2.976667,-0.695027,71769,189
2.317500,0.377344,71771,206
0.416667,0.156031,71773,222
1.380000,1.434000,71775,70
1.120000,0.992219,71777,84
2.035000,5.153100,71779,99
-0.355000,4.203660,71781,110
0.893333,0.757470,71784,143
1.620000,0.153725,71786,160
1.663333,3.067780,71788,178
1.245000,0.740644,71790,194
1.950000,3.070740,71792,211
1.483333,2.002510,71794,58
3.620000,2.756480,71796,76
2.020000,0.474446,71800,116
2.920000,-0.308813,71802,134
0.912500,0.607086,71804,149
3.074000,3.649600,71806,166
2.955000,1.549780,71808,184
0.090000,-0.033084,71810,201
2.213333,0.884102,71812,218
0.796667,1.342870,71814,65
1.630000,1.548110,71816,80
0.283333,3.549900,71818,94
4.600000,-0.132434,71820,1041
2.400000,2.691480,71821,2941
0.100000,12.664800,71822,2948
0.782300,1.356330,71838,195
1.000000,-2.787230,71850,520
1.050000,-6.540200,71851,521
1.150000,2.607570,71852,522
1.430000,-0.583386,71853,523
4.300000,13.124500,71854,314
4.100000,27.204900,71855,321
1.600000,2.116400,71856,286
1.400000,1.874450,71857,265
1.700000,1.079440,71858,270
1.300000,1.581710,71859,275
2.400000,6.989490,71860,281
1.300000,7.184600,71861,287
4.700000,4.360340,71862,301
3.800000,5.278300,71863,294
0.600000,-0.507915,71864,300
5.000000,6.854670,71865,277
3.700000,3.136740,71866,305
3.700000,5.674530,71867,310
2.800000,5.875350,71868,317
2.450000,7.017320,71869,292
1.700000,6.594420,71870,262
-1.250000,2.381180,71871,1709
-1.100000,0.518069,71872,1761
0.550000,1.678770,71873,1813
1.200000,3.005650,71885,1085
0.000000,1.775060,71886,1096
-1.100000,-1.542940,71887,1014
0.800000,-1.732120,71888,1002
-2.400000,-1.617850,71889,1028
-0.390000,3.380510,71890,1536
2.300000,13.087500,71893,340
3.700000,9.943280,71894,335
3.500000,6.423210,71895,351
1.100000,0.939353,71896,397
0.900000,2.728580,71897,398
-0.400000,0.558238,71898,399
-0.437380,-1.588410,71899,2772
-0.036648,-0.309740,71900,2779
2.629063,2.838570,71901,2786
-0.231836,0.337453,71902,2793
0.376832,1.873100,71903,2802
2.198853,1.846490,71904,2800
-0.191205,-0.574093,71905,2732
-0.095602,-1.829760,71906,2739
-1.290631,-1.432090,71907,2745
1.003824,1.809170,71908,2752
-1.400000,-2.267080,71909,1517
1.200000,1.212740,71914,1544
1.600000,0.582706,71923,2084
1.500000,2.608010,71924,2137
2.300000,3.969840,71925,2189
3.700000,5.502560,71926,1693
2.700000,5.685210,71927,1875
4.500000,7.601270,71928,1744
3.500000,2.717540,71929,1791
5.300000,3.924570,71930,1840
1.700000,0.207757,71931,1891
3.800000,2.668920,71932,1944
1.650000,2.158030,71933,1796
0.550000,3.120830,71934,1846
2.600000,2.335370,71935,1897
3.200000,4.180430,71936,1949
4.600000,3.067700,71937,1825
6.600000,5.440810,71938,2000
5.800000,4.520510,71939,2051
7.200000,6.646410,71940,2102
4.900000,3.809950,71941,2154
7.000000,5.822520,71942,1659
2.300000,1.830910,71943,1710
4.600000,4.040000,71944,1762
2.900000,2.761120,71945,1814
5.600000,5.342190,71946,1863
2.200000,3.691020,71947,1916
4.700000,5.665700,71948,1967
0.250000,2.149370,71949,2019
0.350000,3.865980,71950,2068
2.200000,2.133600,71951,2121
4.400000,4.155700,71952,2173
3.100000,0.404959,71953,1677
6.600000,3.160130,71954,1727
3.200000,2.480070,71955,1779
5.000000,5.172350,71956,1829
2.900000,2.928380,71957,1879
6.500000,5.233000,71958,1932
4.450000,4.044370,71959,1984
4.900000,4.078700,71960,2034
0.000000,1.116620,71961,2085
0.200000,2.539890,71962,2138
0.800000,0.694282,71963,2190
2.650000,3.187970,71964,1694
3.300000,4.544230,71965,1745
1.100000,1.248570,71966,1797
2.500000,2.623360,71967,1847
2.500000,4.315270,71968,1688
1.800000,1.530020,71969,1898
5.100000,4.050340,71970,1950
6.500000,6.706980,71971,2001
0.450000,0.269582,71972,2052
4.000000,4.594610,71973,2103
6.600000,6.650160,71974,2155
1.500000,2.243560,71975,1660
3.500000,2.221180,71976,1711
4.400000,3.428770,71977,1763
1.500000,2.607830,71978,1815
2.200000,3.711650,71979,1864
1.700000,0.942095,71980,1917
2.400000,2.789540,71981,1968
2.000000,1.202980,71982,2020
4.600000,3.402960,71983,2069
4.600000,1.625970,71984,2122
4.500000,4.399740,71985,2174
3.500000,4.624980,71986,1678
5.450000,6.197980,71987,1728
2.150000,5.071460,71988,1780
1.850000,2.734310,71989,1830
0.400000,-0.738597,71990,1880
1.000000,0.882161,71991,1933
5.300000,7.562200,71992,1985
6.700000,9.623250,71993,2035
6.500000,8.922100,71994,2086
7.500000,9.308230,71995,2139
-0.050000,0.323093,71996,2191
0.250000,1.449250,71997,1695
0.300000,1.523410,71998,1746
0.700000,2.517090,71999,1798
3.700000,6.111470,72000,1848
6.200000,8.622050,72001,1899
2.300000,3.655690,72002,2096
4.800000,4.317880,72003,2149
4.000000,3.828580,72004,1808
4.700000,4.348590,72005,1858
-1.500000,2.390990,72006,254
-2.700000,4.415750,72007,256
-0.500000,7.940710,72008,258
-0.600000,1.290550,72009,260
-1.900000,4.054740,72010,261
0.900000,5.411170,72011,253
0.680000,0.839059,72023,2351
0.670000,2.615400,72024,2361
-1.090000,0.463200,72025,2278
-1.040000,-0.244441,72026,2287
3.490000,1.627170,72027,2296
0.180000,2.284440,72028,2305
1.700000,3.467860,72029,2313
0.500000,3.260850,72030,2321
2.700000,2.223990,72031,2329
0.600000,0.482775,72032,2337
1.000000,1.147410,72033,2346
1.100000,-0.012984,72034,2355
0.620000,0.046542,72035,2364
0.050000,2.249850,72036,2281
3.500000,4.279140,72037,2290
1.200000,3.195660,72038,2299
0.400000,3.705850,72039,2308
1.700000,2.602550,72040,2316
2.000000,1.612080,72041,2324
-0.500000,3.489670,72042,2331
1.470000,-1.663450,72043,2340
-0.760000,0.718639,72044,2348
-1.630000,-1.066260,72045,2358
-1.230000,-0.662827,72046,2367
1.500000,3.671700,72047,2284
0.660000,1.841220,72048,2293
-0.470000,0.983233,72049,2302
-0.740000,-2.341190,72096,2789
5.800000,5.216740,72111,2352
0.133333,-1.398560,72151,1900
4.800000,7.818290,72152,1951
0.100000,2.574490,72153,2002
0.400000,1.943500,72154,2053
-0.700000,-1.333970,72155,2104
-0.300000,-0.736037,72156,2156
-0.200000,-0.398996,72157,1661
0.500000,0.844024,72158,1712
3.100000,2.554990,72159,1911
2.200000,2.196950,72160,1962
3.800000,4.747170,72161,2063
2.700000,3.501040,72162,2114
3.300000,2.845090,72163,1721
2.700000,1.056020,72164,1774
1.300000,-0.396633,72165,1969
1.800000,1.764220,72166,2021
-0.300000,-1.620970,72167,2070
-0.500000,-1.709170,72168,2123
0.100000,1.733840,72169,2175
0.400000,2.300310,72170,1679
0.200000,-0.135345,72171,1729
1.600000,1.085990,72172,1781
1.000000,-0.110228,72173,1831
0.900000,1.160270,72174,1881
1.200000,0.615893,72175,1756
2.700000,1.881580,72176,1934
2.200000,1.939460,72177,1986
3.500000,2.332370,72178,2036
1.900000,-0.954031,72179,2087
3.100000,-0.187796,72180,2140
0.400000,0.651741,72181,2192
2.200000,2.082340,72182,1696
2.400000,-1.269430,72183,1747
3.800000,2.073480,72184,1799
0.700000,3.020100,72185,1849
1.700000,2.757330,72186,1901
-0.300000,0.228111,72187,2157
-0.300000,-0.033853,72188,1662
1.400000,0.690475,72189,1713
1.900000,1.605800,72190,1765
0.200000,0.679513,72191,1817
0.700000,0.690990,72192,1866
0.200000,1.888960,72193,1919
1.200000,4.171910,72194,1970
0.700000,0.706707,72195,2022
0.700000,-0.473801,72196,2071
-0.300000,-1.138920,72197,2124
-0.200000,0.475168,72198,2176
-0.100000,1.171050,72199,1680
-0.200000,1.216830,72200,1730
0.300000,1.383960,72201,1782
0.200000,2.534250,72202,1832
0.200000,0.490634,72203,1882
0.300000,1.698740,72204,1935
0.500000,2.404020,72205,1987
1.500000,3.771720,72206,2037
-0.100000,0.283549,72207,2088
0.400000,0.951526,72208,2141
0.100000,0.746584,72209,2193
0.500000,0.031812,72210,1697
0.400000,0.428095,72211,1748
1.100000,1.450540,72212,1800
0.600000,-0.011717,72213,1850
1.100000,0.860490,72214,1902
-0.200000,0.451628,72215,1953
0.300000,0.763194,72216,2004
0.100000,0.766850,72217,2055
1.700000,1.575090,72218,2106
1.300000,0.077290,72219,2158
2.700000,1.812760,72220,1663
-0.700000,-0.748016,72221,1714
-1.000000,0.425575,72222,1766
-0.200000,0.524535,72223,1818
0.700000,1.851730,72224,1867
1.400000,0.464041,72225,1920
3.300000,2.096830,72226,1971
-0.100000,-0.404959,72227,2023
0.700000,2.289630,72228,2072
0.800000,0.585183,72229,2125
0.050000,0.394990,72230,2177
0.400000,1.184470,72231,1681
0.800000,1.033580,72232,1731
0.500000,5.002510,72233,1783
0.400000,6.646680,72234,1833
3.100000,2.130460,72235,1883
4.200000,2.909010,72236,1936
-0.400000,0.417904,72237,1988
0.500000,1.148630,72238,2038
1.400000,-1.535200,72239,2089
2.200000,-0.518731,72240,2142
1.100000,-0.038511,72241,2194
2.200000,-1.864020,72242,1698
0.900000,-0.426131,72243,1749
2.600000,2.172670,72244,1801
1.400000,0.631845,72245,1851
2.400000,2.183480,72246,1903
1.700000,0.356539,72247,1954
2.900000,1.421290,72248,2005
1.300000,1.173480,72250,60
0.200000,2.145140,72253,92
1.300000,2.319450,72256,117
0.500000,1.211130,72258,135
4.000000,4.811430,72260,150
2.000000,4.407520,72262,167
0.500000,-0.056830,72276,209
-0.600000,-0.900258,72278,225
1.280000,0.669371,72280,73
1.200000,1.320990,72282,87
1.100000,2.919390,72284,102
1.000000,5.847860,72294,267
6.000000,6.375710,72295,272
5.700000,7.524080,72296,283
6.800000,6.456190,72297,289
0.360000,3.551220,72298,2935
0.160000,-2.868260,72299,2939
-1.356000,-4.461640,72300,2946
3.300000,2.229550,72302,2933
1.354000,0.973761,72303,2898
3.638000,8.790250,72304,2904
1.910000,4.539970,72305,2560
0.030000,-0.251351,72306,2569
1.016667,2.169840,72307,2576
0.750000,1.750850,72308,2582
3.400000,6.600740,72309,2590
4.970000,3.968440,72310,2519
3.560000,1.330090,72311,2527
1.130000,2.979000,72312,2534
0.080000,-1.228060,72313,2542
4.090000,1.480320,72314,2550
0.040000,0.097965,72316,2564
0.680000,-1.089970,72317,2572
1.090000,2.386380,72318,2577
1.960000,0.686771,72321,2538
1.305000,-1.538780,72322,2546
0.320000,-0.934464,72323,2521
0.850000,0.059380,72324,2529
1.160000,-0.053810,72325,2536
-0.080000,-0.250748,72326,2544
2.120000,1.068120,72327,2552
3.520000,2.697590,72328,2558
1.340000,1.321630,72329,2566
1.030000,1.066020,72330,2574
0.635000,0.649414,72331,2579
2.430000,1.797190,72332,2587
1.880000,1.356260,72333,2516
0.380000,1.659140,72334,2524
1.510000,1.454270,72335,2531
3.240000,4.001570,72336,2539
1.150000,2.879940,72337,2547
1.450000,3.583300,72338,2554
3.500000,3.723440,72339,2561
1.040000,2.152170,72340,2570
0.730000,2.224910,72342,2583
-3.400000,2.202610,72343,2591
1.030000,-0.199845,72345,2528
0.570000,2.175060,72346,2535
1.200000,1.405290,72347,2543
0.060000,0.550771,72348,2551
1.020000,-0.424974,72349,2557
0.400000,-0.614413,72350,2565
0.770000,-0.065269,72351,2573
0.280000,-0.246008,72352,2578
0.680000,-1.062610,72353,2585
-0.360000,0.553476,72354,2593
0.080000,1.171700,72355,2522
1.410000,-0.420907,72359,2553
1.130000,0.253315,72360,2559
2.010000,1.794140,72361,2567
0.990000,0.534810,72362,2575
1.580000,1.042620,72363,2580
1.210000,3.079210,72364,2588
2.090000,3.779450,72365,2517
0.540000,0.318147,72366,2525
0.920000,0.274993,72367,2532
1.050000,0.231233,72368,2540
1.245000,-0.190962,72369,2548
3.490000,1.957230,72370,2555
1.575000,2.450180,72371,2562
0.675000,-0.645061,72372,2571
1.740000,2.594620,72374,2584
1.010000,1.779170,72375,2592
1.020000,1.709890,72376,2520
0.580000,1.229600,72385,2586
0.980000,0.644521,72386,2594
1.570000,-3.393340,72387,2523
1.420000,-0.011369,72388,2530
1.280000,0.183862,72389,2537
0.670000,0.750440,72390,2545
1.020000,1.541510,72393,2568
1.020000,-0.029476,72395,2581
1.920000,1.592630,72396,2589
1.410000,2.850770,72397,2518
3.210000,6.313110,72398,2526
3.140000,2.098890,72399,2533
1.210000,-0.064900,72400,2541
1.510000,2.366650,72401,2549
1.220000,-0.180095,72402,2556
3.500000,3.321030,72403,2563
0.220000,0.456439,72405,186
0.560000,-0.500892,72411,96
2.310000,3.501580,72413,107
2.400000,2.771510,72419,1921
1.100000,-1.005440,72420,1972
0.300000,2.380060,72421,2024
1.900000,1.011380,72422,2073
2.600000,2.864480,72423,2126
2.800000,5.441990,72424,2178
1.400000,1.732670,72425,1995
2.800000,1.175440,72426,2045
2.000000,3.951310,72427,1682
2.300000,4.341690,72428,1732
2.000000,1.453620,72429,1784
0.200000,0.150735,72430,1834
2.400000,2.166100,72431,1884
1.300000,-0.328925,72432,1937
1.300000,1.142710,72433,1989
1.900000,1.587300,72434,2039
1.000000,2.933210,72435,2090
3.100000,9.622830,72436,2143
0.000000,0.717651,72437,2195
1.500000,5.240690,72438,1699
1.100000,1.014310,72439,1750
1.200000,-0.017174,72440,1802
3.700000,1.705300,72441,1852
4.800000,4.602240,72442,1904
1.000000,1.557040,72443,2056
0.400000,1.158170,72444,2107
1.600000,2.559080,72445,2159
0.400000,3.824070,72446,1664
-0.100000,1.710480,72447,1715
0.100000,2.441060,72448,1767
0.600000,0.702231,72449,1819
1.000000,2.233340,72450,1868
0.000000,2.823460,72451,1922
-0.800000,1.794290,72452,1973
0.300000,-0.368025,72453,2025
2.300000,11.940300,72454,2074
1.250000,2.111570,72455,2127
3.000000,3.800790,72456,2179
-0.250000,1.776640,72457,1683
1.100000,5.406190,72458,1733
0.600000,3.407820,72459,1785
1.800000,23.535900,72460,1835
2.350000,6.469050,72461,1885
2.400000,15.699000,72462,1938
0.550000,2.807610,72463,1990
3.700000,4.546990,72464,2040
0.100000,-2.785360,72465,2091
0.940000,-1.568100,72466,1979
1.750000,3.508090,72467,2144
3.700000,5.442550,72468,2196
4.450000,7.095880,72469,1700
0.500000,0.807339,72470,1751
0.500000,0.122061,72471,1803
5.100000,-0.260338,72472,1853
5.200000,-1.640520,72473,1905
1.850000,2.771520,72474,1956
2.050000,0.768744,72475,2007
1.250000,2.063050,72476,2057
1.250000,0.123096,72477,2108
-0.150000,2.623470,72478,2160
1.050000,1.601260,72479,1665
0.900000,0.900672,72480,1820
0.300000,-1.007090,72481,1869
1.400000,0.140067,72482,1923
0.100000,0.049762,72483,1974
1.500000,1.821240,72484,2026
-0.100000,0.907393,72485,2075
0.600000,0.329192,72486,2128
0.400000,-0.164629,72487,2180
2.400000,1.394100,72488,1684
0.200000,-0.049697,72489,1734
1.100000,0.685811,72490,1836
-0.400000,-0.980377,72491,1886
1.600000,0.543762,72492,1939
-0.700000,-3.096980,72493,1991
0.900000,0.325937,72494,2041
0.400000,-1.438580,72495,1983
1.100000,0.143503,72496,2197
0.700000,-0.386635,72497,1701
2.400000,1.364960,72498,1752
1.600000,-0.712973,72499,1804
2.500000,1.825640,72500,1854
1.400000,-0.277852,72501,1906
2.000000,0.380243,72502,1957
0.000000,0.426021,72503,2008
0.600000,3.520700,72504,2058
0.400000,2.396370,72505,2109
3.500000,4.866940,72506,1705
2.400000,2.122540,72507,2201
2.000000,0.946177,72508,2161
0.900000,-0.128890,72509,1666
2.100000,1.989470,72510,1717
1.200000,0.814949,72511,1769
0.600000,3.119160,72512,377
0.733333,5.354520,72513,387
1.466667,3.723360,72514,395
1.400000,9.609040,72515,328
0.650000,2.695150,72516,345
0.400000,-0.205150,72517,350
-0.200000,0.668225,72523,454
0.300000,1.166320,72529,446
-0.600000,-0.144570,72531,447
-0.100000,0.576599,72533,448
-0.500000,1.271340,72535,451
-1.300000,0.539791,72547,1566
-0.770000,0.643792,72592,1400
0.276667,-1.828560,72593,1406
2.070000,1.820340,72595,1418
-1.145000,-0.298330,72596,1424
0.745000,0.056275,72597,1429
0.470000,2.196070,72598,1432
1.355000,0.121710,72599,1379
1.155000,1.602640,72600,1383
-0.620000,-1.248890,72601,1389
1.500000,0.401387,72602,1395
0.805000,1.357770,72603,1402
-0.015000,2.236730,72604,1407
2.000000,3.263790,72605,1412
2.890000,2.653630,72606,1419
0.740000,0.721628,72607,1426
0.190000,1.917130,72608,1430
0.320000,1.327190,72609,1433
0.570000,-0.045444,72610,1380
0.900000,0.765691,72611,1384
0.365000,1.246050,72612,1390
0.440000,0.685754,72613,1396
0.510000,0.750407,72614,1403
0.130000,0.470520,72615,1409
0.150000,0.877532,72616,1415
-0.340000,1.317770,72617,1422
0.330000,0.304415,72618,1428
0.410000,2.130820,72619,1431
0.445000,0.523629,72620,1435
0.570000,1.233520,72621,1382
0.660000,1.760110,72622,1388
0.300000,-0.170296,72623,1394
0.390000,0.005128,72624,1401
4.800000,4.799250,72625,1425
-1.450000,-0.226509,72635,1264
-0.400000,-1.652200,72636,1266
1.000000,-0.302721,72637,1268
-0.600000,0.540747,72638,3
0.120000,-2.473070,72639,1928
2.982500,3.067520,72642,1735
-0.100000,3.573250,72644,1551
2.000000,7.579120,72661,2902
1.200000,1.389340,72664,1739
2.720000,4.326280,72665,2013
2.000000,1.643410,72666,2166
5.300000,8.183130,72667,1671
2.400000,3.613610,72668,1874
-2.235000,-3.530640,72669,660
-0.780000,2.111580,72670,661
-1.350000,0.338939,72671,663
0.390000,0.141105,72672,665
-0.478011,-0.735787,72674,722
-0.740918,-0.538543,72675,708
-0.095602,-0.731622,72676,711
2.900000,4.139560,72694,2059
5.400000,5.979440,72695,2110
5.000000,6.638120,72696,2162
0.400000,0.554659,72697,1667
1.600000,2.478760,72698,1718
2.500000,2.524940,72699,1770
3.900000,5.705920,72700,1821
1.500000,0.435550,72701,1870
2.000000,1.113870,72702,1924
4.000000,4.078980,72703,1975
6.100000,10.082300,72704,2027
3.200000,3.896600,72705,2076
2.900000,5.998370,72706,2129
3.000000,4.476470,72707,2181
3.300000,4.649620,72708,1685
3.000000,1.667590,72709,1736
0.600000,0.441650,72710,1787
2.300000,4.245090,72711,2117
2.310000,0.749354,72712,1837
2.280000,5.459650,72713,1887
-0.200000,1.507680,72714,1940
0.625000,1.805480,72715,1674
1.195029,1.680430,72785,709
1.195029,-0.067569,72786,712
0.836520,-4.860180,72787,2858
4.300000,1.848060,72788,703
3.463333,2.247000,72789,1907
0.495000,1.534280,72790,1958
0.955000,-4.775840,72791,2009
1.684990,0.710106,72792,42
0.900000,3.141000,72813,1191
-0.100000,0.568991,72814,1195
0.100000,0.684996,72815,1188
0.100000,1.394220,72816,1206
-0.100000,-1.328980,72817,1178
0.800000,6.331800,72818,2454
3.010000,4.098580,72822,2252
2.940000,-0.427587,72823,2253
1.940000,0.575935,72824,2254
1.950000,6.633120,72825,2255
0.350000,-1.029890,72826,2256
-0.300000,0.766870,72827,2257
-1.100000,1.314310,72828,2260
3.300000,2.979890,72829,2264
6.300000,5.350750,72830,2266
-1.027725,-0.420820,72831,529
1.864245,3.144030,72832,531
1.200000,0.368185,72833,1888
0.600000,-0.373462,72834,1941
0.500000,0.074499,72835,1992
1.500000,2.288930,72836,2042
0.600000,0.729639,72837,2093
0.900000,0.239341,72838,2146
1.250000,2.355440,72839,2198
0.300000,3.064750,72840,1702
0.500000,0.758482,72841,1753
0.000000,0.523450,72842,1805
0.600000,1.190050,72843,1855
0.700000,3.489640,72844,1908
0.800000,-1.187500,72845,1959
0.000000,-4.241950,72846,2010
0.800000,-0.451552,72847,2060
2.000000,0.420038,72848,2111
0.300000,0.319148,72849,2163
1.600000,1.056200,72850,1668
1.400000,1.757420,72851,1719
0.100000,1.149580,72852,1771
0.000000,-0.072406,72853,1822
1.100000,-4.564660,72854,1871
0.700000,0.115179,72855,1925
5.200000,4.990790,72856,1976
0.900000,1.042170,72857,2028
0.066667,0.079191,72858,2077
2.000000,1.889330,72859,2130
5.300000,2.748810,72860,2182
3.000000,4.809710,72861,1686
0.700000,-0.167312,72862,1737
3.100000,-1.938230,72863,1788
1.900000,2.021380,72864,1838
3.100000,0.316244,72865,1889
1.450000,6.966250,72866,1942
0.000000,0.702594,72867,1993
0.100000,0.024614,72868,2043
0.100000,0.259973,72869,2094
-0.300000,1.053340,72870,2147
0.800000,-1.629660,72871,2199
0.700000,1.049430,72872,1703
-0.300000,-1.126050,72873,1754
0.300000,0.171558,72874,1806
1.000000,-2.320950,72875,1856
4.000000,-0.985820,72876,1909
0.700000,-0.319323,72877,1960
1.400000,0.524225,72878,2011
0.400000,-0.923039,72879,2061
1.200000,1.106820,72880,2112
1.200000,-0.401238,72881,2164
2.430000,2.275190,72883,546
2.780000,3.542440,72885,549
2.970000,2.849270,72887,553
3.190000,1.215860,72889,555
3.540000,6.867750,72891,558
2.570000,3.374010,72893,560
2.130000,2.792570,72895,562
2.480000,2.606400,72897,564
3.160000,3.194840,72898,567
1.810000,2.743240,72900,571
0.045000,-0.854532,72904,548
3.810000,5.422870,72906,551
1.540000,6.879400,72908,554
0.380000,2.793010,72910,556
2.320000,5.518410,72918,565
0.077500,1.555710,72920,568
0.040000,1.912520,72928,552
-0.057500,0.452642,72932,557
1.440000,2.500800,72934,559
-0.860000,-1.447500,72936,561
1.600000,0.685009,72938,563
1.490000,1.007490,72940,566
-0.230000,-2.901540,72942,569
1.970000,-0.107366,72944,544
0.810000,-2.872440,72946,547
2.625000,0.862697,72948,550
0.500000,0.158024,72949,2356
0.900000,3.720440,72950,2365
2.600000,6.826440,72951,2282
4.600000,-0.123182,72952,2291
5.300000,2.772400,72953,2300
7.700000,1.896560,72954,2309
4.600000,1.737230,72955,2317
1.400000,-0.076528,72956,2325
5.200000,1.094150,72957,2332
3.500000,0.452797,72958,2341
2.100000,1.974280,72959,2349
3.000000,1.268410,72960,2359
3.500000,2.213770,72961,2368
6.100000,4.744230,72962,2285
4.100000,4.762830,72963,2294
1.900000,2.170250,72964,2303
5.700000,4.797300,72965,2311
2.900000,5.006000,72966,2319
4.100000,2.929600,72967,2327
5.000000,2.269060,72968,2334
3.700000,1.772630,72969,2343
1.600000,6.702260,72970,2353
5.000000,3.163850,72971,2362
4.400000,1.887510,72972,2279
6.600000,1.167560,72973,2288
1.300000,0.339013,72974,2297
3.700000,3.414470,72975,2306
5.100000,2.906620,72976,2314
0.200000,1.223680,72977,2322
0.300000,1.590830,72979,2338
0.600000,1.096390,72980,2347
-0.800000,-0.654497,72981,2357
0.400000,5.147140,72982,2366
1.100000,-0.283506,72983,2283
0.900000,1.900040,72984,2292
1.600000,2.849820,72985,2301
-2.800000,-2.296190,72986,2310
1.600000,0.203344,72987,2318
0.400000,-0.162704,72988,2326
0.400000,1.061480,72989,2333
2.100000,1.149980,72990,2342
1.600000,1.303380,72991,2350
0.800000,0.361954,72992,2360
0.000000,-1.085300,72993,2369
0.700000,1.007130,72994,2286
-1.300000,-0.339974,72995,2295
3.500000,0.517547,72996,2304
2.100000,1.314450,72997,2312
0.000000,0.735851,72998,2320
0.200000,-0.183188,72999,2328
1.200000,-0.194754,73000,2335
0.800000,0.382293,73001,2344
-0.680000,2.050080,73002,1628
0.600000,-0.120689,73003,1632
0.740000,1.030110,73004,1635
0.990000,-0.396640,73005,1638
0.970000,3.571020,73006,1642
1.270000,-0.111968,73007,1646
1.640000,-1.644160,73008,1648
1.630000,-1.935740,73009,1650
2.000000,-0.844623,73010,1622
1.710000,8.362500,73011,1624
2.400000,-2.764640,73012,1626
2.710000,-0.571781,73013,1629
3.020000,0.856938,73014,1633
3.380000,2.497330,73015,1636
-0.110000,2.246810,73016,1639
0.180000,6.452240,73017,1643
0.730000,2.443130,73018,1647
0.370000,-0.503302,73019,1649
1.250000,4.279930,73020,1651
0.710000,2.468160,73021,1623
1.410000,4.680190,73022,1625
1.100000,4.363070,73023,1627
1.650000,4.546290,73024,1631
1.900000,4.580700,73025,1634
2.270000,5.183070,73026,1637
2.020000,3.997830,73027,1641
1.680000,4.964900,73028,1645
1.250000,2.684070,73034,1414
1.900000,4.282410,73035,1421
0.262906,-0.972631,73036,632
-0.143403,7.804540,73037,633
0.764818,3.850770,73038,500
1.529637,2.406590,73039,505
2.270554,2.461710,73040,509
-0.143403,-0.000947,73041,515
1.430000,-0.280843,73042,2421
1.380000,1.534430,73043,2428
1.190000,1.831120,73044,2432
0.660000,1.730810,73068,1127
0.310000,1.904110,73069,1128
1.000000,2.278950,73070,1129
1.030000,4.556160,73075,1121
1.160000,4.697730,73076,1123
1.540000,4.002640,73077,1125
1.200000,2.217810,73104,2455
1.000000,1.648530,73107,2419
1.700000,0.971409,73108,2426
1.700000,1.475270,73109,2431
3.900000,4.121970,73110,2809
0.100000,3.610510,73111,2811
-4.225000,-3.283460,73112,2812
1.300000,-2.721540,73114,30
2.200000,1.621380,73115,33
1.800000,0.602504,73116,35
1.600000,-0.690595,73117,37
2.500000,0.988850,73118,19
-3.200000,0.069589,73119,20
-0.200000,1.939350,73122,1789
4.780000,1.470060,73123,2693
4.550000,8.061620,73124,2662
0.000000,-0.053692,73125,2672
1.200000,1.300950,73126,2728
2.630000,3.386290,73127,2681
5.020000,8.080410,73128,2691
3.110000,12.059700,73129,2702
1.200000,-0.438121,73130,2689
0.720000,0.197119,73131,2700
1.910000,2.227620,73132,2713
9.555000,15.148300,73133,2720
3.830000,7.029850,73134,2727
5.020000,6.094860,73135,2704
1.910000,2.152560,73136,2634
3.110000,3.027040,73137,2657
5.740000,9.027840,73138,2644
2.870000,6.155280,73139,2707
4.310000,7.708350,73140,2655
2.870000,3.619380,73141,2706
4.310000,4.151200,73142,2665
2.870000,2.246020,73143,2674
3.110000,6.449460,73144,2683
4.070000,9.005080,73145,2633
2.390000,4.538500,73146,2642
4.070000,0.898655,73147,2729
4.550000,2.515190,73148,2705
1.525000,6.939350,73151,400
0.995000,0.281599,73152,402
0.420000,-0.723462,73153,1586
1.923333,1.360450,73156,2860
3.670000,2.466720,73157,2855
-0.100000,0.394397,73161,2459
-1.300000,0.467338,73162,2460
-1.440000,-0.248586,73163,2461
0.220000,-0.579232,73164,2462
-0.160000,1.502570,73165,2463
-1.760000,1.380260,73166,2464
-1.250000,0.978367,73167,2465
0.300000,3.662110,73168,2456
-1.000000,0.649664,73169,2457
-0.600000,0.602441,73170,2458
0.600000,2.791170,73187,436
2.500000,3.940770,73188,429
0.740000,-2.664460,73190,2446
0.450000,-1.562520,73191,2449
0.030000,1.316460,73192,2451
0.030000,-1.757920,73193,2420
-3.193499,-0.534426,73194,2444
1.100000,2.706490,73195,2427
0.300000,2.583600,73196,431
3.200000,2.715960,73201,1772
1.300000,2.652800,73202,1823
-0.200000,0.988823,73203,1872
1.300000,2.103090,73204,1926
3.800000,0.864837,73205,1977
3.300000,2.860900,73206,2029
2.500000,2.542570,73207,2078
2.300000,0.465902,73208,2131
0.300000,1.638080,73209,2183
4.700000,4.361830,73210,1687
2.400000,4.320050,73211,1738
0.100000,2.659740,73212,1790
3.100000,2.248950,73213,1839
5.400000,2.385660,73214,1890
5.100000,3.303610,73215,1943
4.900000,5.493230,73216,1994
4.800000,2.476950,73217,2044
0.000000,0.852130,73218,2095
0.500000,0.835859,73219,2148
2.400000,1.568690,73220,2200
2.000000,1.020830,73221,1704
3.400000,2.315550,73222,1755
0.100000,-1.395060,73223,1807
3.900000,6.226570,73224,1857
4.500000,6.630040,73225,1910
-0.200000,0.377221,73226,1961
0.300000,1.220970,73227,2012
0.300000,2.296750,73228,2062
0.600000,0.827105,73229,2113
1.100000,1.206700,73230,2165
0.000000,1.569330,73231,1670
2.100000,2.354050,73232,1720
0.700000,0.656424,73233,1773
0.600000,1.154950,73234,1824
0.400000,-0.206185,73235,1873
0.900000,-0.422607,73236,1927
-0.400000,-2.008010,73237,1978
-0.800000,0.021655,73238,2030
-0.100000,2.153510,73239,2079
0.200000,1.706330,73240,2132
-0.200000,0.628786,73241,2184
1.800000,2.214730,73242,1689
1.400000,-0.150299,73243,1740
0.900000,1.189620,73244,1792
1.200000,0.643131,73245,1841
-0.600000,-0.298907,73246,1892
0.200000,2.758030,73247,1945
1.100000,3.420130,73248,1996
0.100000,-0.694700,73249,2046
1.700000,0.694230,73250,2097
3.500000,10.603700,73262,2447
0.840000,-2.905020,73265,2438
0.370000,1.073790,73266,2441
1.700000,-0.370574,73267,2443
-1.900000,-0.433568,73268,2445
-2.970000,-0.549731,73269,2448
-2.020000,-2.246060,73270,2450
-4.040000,-2.006830,73271,2453
-4.730000,-2.403500,73272,2422
0.060000,-1.150300,73273,2452
-3.010000,2.642620,73274,1277
1.100000,1.718270,73279,2835
2.300000,7.095640,73280,2837
1.900000,3.110930,73282,2840
3.200000,7.396590,73283,2843
-0.700000,0.616355,73284,2846
0.000000,-3.805990,73286,2848
2.995000,0.971894,73297,2856
2.510000,-7.136580,73298,2857
-1.700000,-0.125082,73311,983
-1.800000,0.290079,73313,986
0.300000,-0.936159,73314,989
1.600000,1.382820,73315,992
1.300000,0.944632,73316,994
1.500000,0.782310,73317,996
3.100000,0.741859,73318,997
0.200000,-3.379100,73319,978
-0.700000,0.045299,73320,979
1.200000,-0.551261,73321,981
1.000000,0.723290,73322,984
1.700000,1.427620,73323,985
0.800000,-0.566140,73324,987
1.000000,2.151970,73325,990
1.500000,0.270568,73351,2423
2.200000,0.549024,73380,438
1.170000,2.269040,73381,439
4.880000,2.066690,73382,440
1.710000,-1.020150,73383,441
-0.370000,-0.144284,73384,442
0.430000,0.008873,73385,443
3.010000,2.114200,73386,444
0.140000,-0.189430,73387,445
0.750000,-2.931390,73388,437
3.086000,1.288340,73393,1410
3.200000,3.144440,73394,1416
3.750000,2.214360,73395,1423
0.175000,1.403140,73396,378
0.225000,-0.485549,73397,388
0.125000,-0.299764,73398,396
0.600000,0.241037,73399,329
0.625000,-0.227218,73400,336
0.035000,3.362060,73401,341
-0.525813,1.827550,73402,4
-0.262906,-0.639633,73403,5
1.912046,1.378160,73404,6
1.481836,-0.724145,73405,7
1.673040,-0.599739,73406,8
-1.625239,-0.570145,73407,9
-0.549713,0.520452,73408,10
-0.764818,1.936380,73409,1
0.334608,-1.260960,73410,2
-1.900000,-0.194612,73411,1269
0.301667,-0.754696,73415,2817
3.256667,3.641650,73416,2818
1.182333,-1.890250,73418,2819
-0.095000,6.587970,73419,576
0.830000,0.521574,73422,577
1.300000,4.339590,73425,579
3.175000,0.246697,73433,2221
1.880000,7.321110,73435,2228
-0.864487,-3.709550,73437,2880
0.050000,2.413250,73439,375
1.200000,3.372260,73440,358
0.700000,6.905630,73441,365
1.250000,5.074610,73442,372
0.550000,2.183520,73443,327
0.450000,1.150150,73444,382
0.200000,0.608186,73445,344
-0.150000,-0.193739,73446,391
-0.500000,-1.043370,73447,324
-0.250000,0.619307,73448,331
1.075526,0.140072,73449,530
1.314532,-2.448680,73450,532
1.613289,0.932665,73451,534
2.366157,-0.840766,73452,535
-0.071702,-3.147760,73453,691
2.127151,0.625962,73454,671
-1.386233,-0.413982,73455,673
-0.430210,-0.352864,73456,675
0.191205,0.959784,73457,677
0.956023,0.275179,73458,679
1.171128,0.553598,73459,681
0.597514,3.683100,73460,683
1.051625,1.066150,73461,685
0.191205,-2.714250,73462,687
0.788719,3.218740,73463,689
1.720841,-3.225830,73464,692
-2.652964,-0.393795,73465,672
0.597514,0.166465,73466,674
0.645315,0.495190,73467,676
0.239006,-0.850881,73468,678
0.932122,-0.106862,73469,680
1.147228,1.174820,73470,682
0.406310,1.812470,73471,684
0.932122,-0.539050,73472,686
0.215105,16.234300,73473,688
2.390057,4.071800,73474,690
2.437859,4.753160,73475,670
0.050000,0.265542,73476,1391
1.000000,0.569347,73477,2830
0.700000,0.946138,73479,2433
2.800000,3.619530,73480,2435
2.100000,4.559330,73524,2755
2.200000,2.135350,73525,2762
-3.300000,-2.506710,73526,2756
2.200000,1.264650,73527,2768
-1.362333,-1.646210,73528,2624
-1.051625,5.595870,73529,2625
-0.382409,-0.764984,73530,2626
-0.358509,0.423959,73531,2627
-0.286807,0.066533,73532,2617
-0.239006,-0.033865,73533,2618
0.167304,-1.455310,73534,2619
0.310707,1.217780,73535,2620
-0.023901,0.753348,73536,2621
0.167304,1.721890,73537,2622
0.406310,2.163380,73538,2623
2.151052,2.120270,73542,2497
2.151052,-0.016945,73543,2498
1.195029,2.451670,73544,2499
1.912046,2.200000,73545,2500
4.300000,9.013260,73547,2853
6.900000,5.523300,73548,55
3.441683,0.867331,73549,2597
3.632887,1.571000,73550,2598
3.824092,1.073800,73551,2599
3.274379,-0.864951,73552,2600
4.373805,-0.210335,73553,2601
1.840344,-2.489190,73554,2602
3.537285,1.872730,73555,2603
4.660612,-0.381011,73556,2604
0.621415,-2.163350,73557,2605
0.334608,-0.438436,73558,1276
-1.000000,-0.475465,73559,622
0.400000,0.869832,73560,623
1.100000,3.032970,73561,624
-0.600000,0.144340,73562,625
1.000000,2.893680,73563,626
0.900000,5.016210,73564,627
0.500000,-0.897947,73565,628
0.600000,-0.703744,73566,629
2.400000,-0.175638,73567,630
1.400000,1.574060,73568,631
-0.100000,-0.312862,73569,621
-4.000000,-0.786982,73570,584
12.230000,15.011200,73571,2650
0.260000,3.124240,73574,352
0.310000,-2.429880,73575,359
0.225000,-1.521300,73576,366
0.025000,3.433280,73577,373
-0.020000,4.377590,73578,383
0.055000,-1.057820,73579,392
0.130000,-1.320380,73580,325
0.340000,0.626664,73581,332
0.800000,-1.305410,73583,1842
0.600000,-1.178640,73584,1893
2.000000,2.945730,73585,401
2.200000,1.821220,73586,403
-0.358509,0.353010,73589,1171
0.095602,1.724910,73590,1175
0.454111,1.160020,73591,1179
0.860421,1.103960,73592,1183
1.362333,0.607500,73593,1187
1.314532,-0.020076,73594,2483
0.932122,0.108191,73595,2485
2.891969,2.695730,73597,2484
-1.553537,0.985853,73598,2488
-0.525813,-1.541730,73617,1108
-2.055449,2.348420,73618,1003
0.525813,0.396480,73619,1029
0.860421,0.329732,73620,1097
-1.100000,0.853247,73621,1436
1.100000,-1.141660,73622,1319
-0.900000,-1.156030,73623,1324
1.133333,-0.506781,73624,1327
-0.250000,-1.084220,73625,1333
0.080000,-0.538729,73626,2675
0.733333,0.649386,73627,2684
0.433333,0.068588,73628,2694
2.740000,3.947670,73664,2232
2.860000,4.994560,73665,2235
0.180000,1.464320,73666,2238
1.360000,3.362440,73667,2241
2.800000,3.111550,73668,2244
3.670000,4.797310,73669,2213
0.230000,0.764351,73670,2216
1.730000,4.063800,73671,2219
1.380000,2.087780,73672,2223
0.320000,1.236810,73673,2226
3.280000,3.853540,73674,2230
0.500000,0.142635,73675,2233
4.290000,5.358870,73676,2236
4.220000,5.888370,73677,2239
2.190000,0.674755,73678,2242
2.990000,1.588180,73679,2245
3.450000,7.563320,73680,2214
1.380000,5.345730,73681,2217
2.060000,3.835370,73682,2220
0.830000,2.387030,73683,2224
4.220000,3.697170,73684,2227
0.930000,2.577070,73685,2231
1.220000,1.017300,73686,2234
2.810000,3.102730,73687,2237
3.060000,3.802100,73688,2240
-0.040000,-1.201790,73689,2243
2.820000,1.358560,73690,2212
0.110000,1.318570,73691,2215
1.090000,1.400610,73692,2218
-1.610000,-1.657790,73693,2222
1.145000,-0.375155,73694,2225
5.430000,8.030870,73695,2229
2.844168,2.830860,73696,1167
0.755000,2.344160,73697,2613
-0.740000,0.948179,73698,2606
2.025574,3.908850,73699,1420
0.700000,0.107770,73700,1163
1.300000,3.517000,73701,1164
0.000000,0.193402,73702,1165
2.300000,3.036660,73703,1158
0.000000,-0.298659,73704,1159
5.100000,6.297160,73705,1160
2.600000,0.339303,73706,1161
2.900000,8.403110,73707,1162
0.956023,-1.332350,73716,536
1.457935,-2.949660,73717,524
1.912046,-1.092600,73718,525
1.100000,1.438070,73719,1757
0.800000,1.694940,73720,1809
0.700000,-0.624485,73721,1859
1.200000,0.334941,73722,1912
0.500000,0.492321,73723,1963
0.400000,-0.561717,73724,2014
2.700000,1.837490,73725,2064
0.800000,1.089190,73726,2115
0.700000,0.503547,73727,2167
-0.100000,-1.767290,73728,1672
-2.100000,-0.806879,73729,1280
-1.000000,0.251694,73730,1283
-1.000000,-2.300320,73731,1286
-1.600000,-2.596530,73732,1290
-2.300000,-3.309470,73733,1295
-1.000000,-1.652690,73734,1300
-1.000000,-1.650720,73735,1305
1.330000,-0.668024,73745,1469
1.460000,-0.866465,73746,1476
-0.650000,-0.265276,73747,1483
2.198853,3.194080,73748,718
4.827916,8.643160,73749,719
3.728489,5.394110,73750,720
4.278203,7.672350,73751,721
2.700765,4.141850,73752,723
3.776291,2.964550,73753,710
4.349904,4.997570,73754,713
2.342256,0.902646,73755,714
4.971319,7.375440,73756,715
1.195029,-1.003130,73757,716
1.529637,1.805850,73758,717
0.932122,0.238268,73762,1408
-1.242830,-0.344133,73763,1413
0.143403,0.708418,73765,1427
-0.740918,0.652378,73767,1434
0.262906,-0.515760,73769,1385
0.621415,1.734560,73771,1397
0.200000,1.321980,73780,1614
0.300000,1.506070,73781,1616
-0.230000,1.388630,73782,1618
3.040000,2.588940,73783,1620
2.570000,3.210810,73784,1621
0.350000,1.232670,73785,1608
-1.190000,-1.277430,73786,1609
-0.070000,1.926720,73787,1610
-1.330000,4.010160,73788,1611
-0.070000,1.995580,73789,1612
0.340000,1.220660,73790,1613
-0.890000,3.353690,73791,1615
0.240000,0.871299,73792,1617
-0.810000,2.044890,73793,1619
2.120000,3.232690,73797,230
0.270000,0.430217,73799,233
0.290000,0.322235,73801,236
2.290000,2.393060,73803,238
1.210000,1.388400,73805,240
0.130000,0.003717,73807,242
0.230000,4.047060,73809,244
0.380000,0.794752,73811,246
0.760000,1.445540,73812,248
2.720000,4.793510,73814,250
-0.720000,-1.646860,73816,228
2.310000,10.234900,73818,231
0.540000,-0.047786,73820,234
0.560000,5.981770,73821,237
0.840000,1.094630,73823,239
0.560000,-0.903918,73825,241
1.270000,1.481880,73827,243
1.630000,2.874760,73829,245
-0.180000,-0.871187,73831,247
2.100000,2.988320,73833,249
3.920000,5.441190,73835,251
1.450000,2.093910,73837,229
0.430000,1.209650,73839,232
0.670000,3.025600,73841,235
0.434990,-1.992200,73842,56
6.668260,4.157110,73849,1073
4.541109,9.044670,73851,1099
1.000000,-2.680250,73852,757
0.400000,3.583520,73853,744
3.100000,0.612185,73854,746
2.600000,1.266190,73855,748
-0.430000,-0.141470,73856,750
2.520000,1.405470,73857,752
4.800000,2.040410,73858,754
5.100000,4.745800,73859,756
-0.980000,-1.348370,73860,355
0.565000,2.662730,73861,362
-0.265000,-0.069245,73862,369
0.925000,1.539250,73863,379
-0.475000,-1.307080,73864,389
6.692161,5.337820,73867,2903
0.956023,4.409390,73868,2909
2.151052,1.015300,73869,2916
4.780115,-0.690995,73870,2920
-0.239006,-0.385090,73871,2924
0.239006,5.790400,73872,2930
1.920000,3.056540,73873,2934
1.270000,2.905150,73874,2938
-1.314532,-0.013681,73876,1081
-1.147228,0.322663,73877,1092
2.485660,5.087660,73878,1104
2.318356,5.116030,73879,998
-0.430210,0.155632,73880,1008
-0.908222,2.364850,73881,1022
0.143403,1.240520,73882,1037
-0.191205,1.734310,73883,1049
-0.047801,-0.121951,73884,1059
3.400000,3.908630,73891,787
1.500000,0.556480,73892,804
1.200000,2.839850,73893,825
3.166667,2.795180,73894,846
4.400000,4.486490,73895,868
2.000000,3.173890,73896,888
2.900000,2.529210,73897,908
0.050000,0.332263,73898,926
4.900000,4.857150,73899,942
1.500000,-0.142109,73900,956
2.000000,1.638180,73901,778
0.500000,0.410606,73902,795
-0.200000,-1.922430,73903,813
0.400000,-1.025370,73904,835
0.900000,1.075660,73905,2116
1.500000,0.637611,73906,2168
4.400000,1.205000,73907,1673
0.500000,0.627190,73908,1722
0.800000,0.686985,73909,1775
-0.400000,0.511657,73910,1339
0.200000,0.230701,73911,1346
2.300000,1.591120,73912,1348
3.600000,0.271043,73913,1351
0.600000,0.004573,73914,1354
1.500000,2.292710,73915,1357
1.200000,-0.467275,73916,1317
0.300000,-1.410810,73917,1321
0.600000,-0.117090,73918,1113
-0.500000,-0.134255,73919,1114
2.600000,1.337340,73920,1115
2.100000,0.656055,73921,1116
0.700000,0.163301,73922,1117
1.500000,1.675290,73923,1118
1.000000,-0.514749,73924,1119
0.000000,1.461440,73925,1120
-3.060000,-1.559220,73926,1360
-2.660000,-1.458190,73927,1361
-1.440000,-1.244190,73928,1362
1.680000,-0.867656,73929,1363
1.860000,-2.875520,73930,1364
-2.290000,-0.647485,73931,1365
-2.860000,2.425190,73932,1366
-0.600000,0.631594,73937,1288
-0.900000,-2.136360,73938,1292
-0.900000,0.417716,73939,1297
-2.500000,14.538400,73940,1302
0.200000,-0.485075,73941,1307
0.300000,1.815650,73942,1311
-0.200000,-2.452350,73943,1314
0.700000,0.140510,73944,1316
-0.500000,-0.424564,73945,1279
0.600000,1.677900,73946,1282
-3.800000,-3.578490,73947,1285
-1.800000,-2.346470,73948,1289
-1.400000,-3.238090,73949,1293
-1.500000,-2.248190,73950,1298
-2.300000,-1.102230,73951,1303
-2.200000,-0.777145,73952,1308
-0.350000,-4.603690,73953,1312
-1.800000,3.891490,73954,1315
0.400000,0.798056,73955,1278
0.400000,1.640150,73956,1281
1.000000,1.388500,73957,1284
-0.800000,-0.152155,73958,1287
0.000000,1.520110,73959,1291
-0.600000,-3.094460,73960,1296
1.200000,3.711590,73961,1301
-0.400000,-1.061700,73962,1306
0.300000,5.392350,73963,1310
1.180000,1.510890,73964,2942
0.900000,-0.512266,73965,2949
0.900000,1.741960,73966,2894
-1.860000,-1.827910,73967,669
2.490000,2.727250,73968,1381
4.660000,4.556650,73969,1386
3.200000,2.624150,73970,1392
5.300000,4.020800,73971,1398
4.080000,2.958900,73972,1387
4.730000,4.780500,73973,1393
4.080000,2.725670,73974,1404
3.670000,3.251720,73975,1399
4.870000,5.415550,73976,1405
3.070000,3.449520,73977,1411
3.540000,3.915320,73978,1417
-3.100000,-4.137600,73979,2813
3.700000,0.002247,73980,2814
3.100000,0.120850,73981,2815
1.400000,4.340560,73982,2816
1.100000,0.000191,73983,2807
4.700000,3.974870,73984,298
1.160000,1.013030,73995,2695
-3.340000,-1.822370,73998,1170
-1.360000,-0.095523,73999,1174
-3.263333,-1.785930,74000,1182
-1.040000,-1.746790,74001,1186
-2.373333,1.510030,74002,1190
-0.870000,1.786230,74003,1193
-0.900000,-0.480871,74004,1196
-0.780000,0.538615,74005,1199
-0.450000,-0.558571,74006,1203
-0.520000,0.961444,74007,1172
-0.370000,-0.104826,74008,1176
-0.380000,0.012079,74009,1180
-0.350000,-0.035139,74010,1184
1.210000,2.127400,74011,1194
2.533461,0.695195,74012,1451
6.118547,0.715131,74013,1453
0.780000,2.409780,74014,2424
1.070000,1.426950,74015,2429
0.970000,2.853430,74016,2434
1.890000,1.873090,74017,2437
2.070000,1.361880,74018,2440
2.380000,0.375503,74019,2442
1.218929,2.304230,74020,2015
0.000000,2.921860,74022,2169
-1.273805,-1.280690,74023,1723
1.386233,2.973800,74024,1013
1.768642,4.518770,74025,1027
1.792543,2.754250,74026,1042
0.286807,1.899800,74027,1053
-0.454111,-0.547001,74028,1063
0.119503,2.653690,74029,1070
0.358509,4.043750,74030,1077
0.621415,3.639650,74031,1088
0.549713,2.813140,74032,1100
-0.143403,2.085800,74033,1109
-0.080000,0.695721,74034,2262
-0.150000,-1.028230,74035,1122
0.200000,0.425104,74036,1124
-0.700000,-1.427890,74037,1126
-0.406310,-0.892511,74038,406
0.836520,1.021500,74039,409
-0.334608,0.661057,74044,416
0.167304,-0.581432,74045,419
1.469885,0.515799,74046,423
0.000000,0.355284,74047,426
0.095602,0.237765,74048,404
0.286807,-0.070998,74049,407
0.000000,0.763855,74050,410
-0.095602,0.666091,74052,411
-0.047801,-0.143417,74053,413
-0.095602,0.164260,74054,415
-0.023901,0.003138,74056,421
0.310707,1.725680,74057,425
0.836520,2.174250,74058,428
-0.884321,-0.432014,74059,472
-1.003824,-1.685870,74060,477
0.286807,1.161690,74061,482
-1.338432,-1.752140,74062,487
11.900000,8.674560,74065,1155
13.700000,11.251500,74066,1156
9.500000,8.492230,74067,1157
1.200000,1.185010,74068,1202
3.400000,10.788300,74069,1205
0.200000,-0.842649,74174,2080
0.100000,-0.236175,74175,2133
-0.100000,0.224346,74176,2185
0.900000,2.127800,74177,1690
-0.100000,0.376003,74178,1741
0.200000,2.032320,74179,1793
1.000000,1.904700,74180,1843
1.800000,-2.586840,74181,1894
1.200000,0.696948,74182,1946
0.200000,0.439678,74183,1997
0.300000,-0.867839,74184,2047
-0.200000,-0.351103,74185,2098
0.800000,1.800670,74186,2150
0.700000,1.246150,74187,2202
0.900000,0.281105,74188,1706
0.100000,0.635819,74189,1758
1.100000,1.398540,74190,1810
0.600000,1.286890,74191,1860
0.300000,2.564870,74192,1913
0.200000,0.883351,74193,1964
0.200000,0.291305,74194,2016
1.800000,2.560560,74195,2065
0.600000,0.428296,74196,2118
1.600000,1.609810,74197,2170
0.100000,-0.880475,74198,1675
0.400000,-0.374295,74199,1724
0.900000,1.278040,74200,1776
1.400000,0.726521,74201,1826
1.500000,1.541590,74202,1876
1.500000,3.156910,74203,1929
1.700000,4.531150,74204,1980
1.800000,5.037870,74205,2031
3.100000,3.163060,74206,2081
3.500000,3.481730,74207,2134
2.000000,1.017610,74208,2186
3.000000,1.796710,74209,1691
2.100000,2.547750,74210,1742
0.200000,4.520890,74211,1794
1.100000,1.283280,74212,1844
1.400000,1.354730,74213,1895
1.100000,2.661250,74214,1947
2.000000,4.215590,74215,1998
3.400000,2.332540,74216,2048
3.900000,3.118350,74217,2099
1.000000,2.723690,74218,2151
2.300000,3.986380,74219,2203
0.800000,0.765770,74220,1707
1.400000,1.587360,74221,1759
0.100000,-0.841947,74222,1811
0.700000,0.370479,74223,1861
-0.600000,-1.595060,74224,1914
-0.700000,1.691600,74225,1965
0.600000,1.258480,74226,2017
1.700000,4.433730,74227,2066
-0.500000,0.669783,74228,2119
1.700000,2.759320,74229,2171
-0.620000,-0.288887,74274,537
-0.810000,8.040030,74275,538
0.430210,0.135681,74276,540
0.478011,0.259450,74277,541
0.239006,0.876138,74278,542
0.262906,0.955782,74279,543
3.900000,5.576650,74280,279
4.333333,5.177850,74288,2964
4.900000,9.990630,74289,2968
-1.100000,-1.905220,74297,982
2.600000,0.323532,74300,988
0.800000,1.341900,74301,991
-0.300000,0.988539,74302,993
2.366157,5.202620,74303,2975
2.605163,4.498070,74304,2978
-0.100000,0.463410,74305,2776
0.400000,0.586910,74306,2783
-1.800000,-0.768567,74307,2790
-0.100000,0.762431,74308,2798
-0.890000,-0.740579,74309,2730
1.400000,0.127267,74310,38
2.400000,11.491400,74311,39
0.800000,6.609400,74312,40
-1.880000,-2.177550,74313,2780
-1.685000,-1.732460,74314,2787
-1.310000,-3.091830,74315,2794
-0.760000,0.540163,74316,2803
-0.490000,-1.163170,74317,2734
0.460000,-1.646860,74318,2741
0.820000,0.347343,74319,2747
1.190000,-0.425843,74320,2753
1.520000,4.514620,74321,2760
1.640000,7.528600,74322,2766
1.760000,1.698530,74323,2774
1.790000,0.219563,74324,2781
1.850000,2.154610,74325,2788
2.310000,1.800190,74326,2796
2.710000,2.540380,74327,2805
3.590000,0.344506,74328,2736
5.930000,5.282120,74329,2742
-0.610000,-2.761620,74330,2749
-1.040000,0.316841,74331,2763
-1.685000,-3.305130,74332,2769
-1.405000,-4.439140,74333,2777
-0.110000,-1.178490,74334,2784
0.170000,-0.721116,74335,2791
-0.005000,0.643862,74336,2799
-0.610000,-2.157420,74337,2731
-0.495000,-2.230880,74338,2738
-0.320000,1.103720,74339,2744
-0.634680,-2.764720,74340,2751
-1.300014,-2.105400,74341,2758
-0.050000,-2.034580,74342,2679
-0.368000,-1.603050,74343,2711
-0.396000,0.024990,74344,2718
-2.000000,-3.210690,74345,1456
-1.800000,-0.833039,74346,1437
-1.000000,-0.072174,74347,1439
-1.000000,-0.044638,74348,1441
-0.900000,-1.058560,74349,1443
-0.900000,-1.112470,74350,1445
-0.800000,-0.705058,74351,1447
-0.800000,-0.561198,74352,1449
-0.800000,-1.721540,74353,1452
-0.600000,-0.224513,74354,1454
-0.300000,-0.421111,74355,1455
-0.200000,-1.270470,74356,1457
0.100000,-0.282758,74357,1438
0.100000,-1.158810,74358,1440
0.400000,1.347670,74359,1442
0.400000,1.206010,74360,1444
0.400000,-0.084037,74361,1446
0.800000,1.695230,74362,1448
1.600000,8.722160,74363,1450
0.550000,6.320450,74364,371
0.560000,0.213655,74365,381
-0.040000,0.832649,74366,390
0.990000,4.323360,74367,323
0.640000,-0.278754,74368,330
1.140000,3.478030,74369,337
1.840000,3.370530,74370,342
-0.630000,0.371702,74371,346
-0.930000,2.684140,74372,353
0.120000,0.951441,74373,360
1.510000,1.671120,74374,367
1.120000,3.667250,74375,374
-0.120000,0.458849,74376,384
1.720000,4.661060,74377,393
0.240000,3.354360,74378,326
0.020000,3.698640,74379,333
0.000000,2.124190,74380,338
0.100000,2.585210,74381,343
1.180000,4.701040,74382,348
1.540000,6.213360,74383,356
0.790000,2.019420,74384,363
2.250000,4.980950,74385,370
0.800000,1.660040,74386,380
0.700000,2.316450,74387,315
0.094286,-0.751477,74388,2635
-0.360000,0.511779,74389,2645
0.100000,-0.719235,74390,2656
-0.302500,0.013277,74391,2666
-0.266667,2.988810,74392,2676
-0.400000,-0.289095,74393,876
0.450000,0.154573,74394,895
1.066667,0.000590,74395,913
0.450000,-0.120652,74396,930
-1.050000,-0.424343,74397,347
-0.750000,1.894770,74398,354
-0.590000,0.828514,74399,361
-0.160000,-0.581360,74400,368
0.260000,-0.954880,74401,385
0.260000,1.070570,74402,394
0.410000,1.337770,74403,334
1.120000,-0.103719,74404,339
1.450000,1.921850,74405,349
1.410000,2.175280,74406,357
1.600000,3.321890,74407,364
-0.600000,1.653450,74408,2782
-1.000000,-1.679350,74409,2797
-1.215440,-3.944660,74410,2806
-0.788719,-3.161510,74411,2737
-0.896272,-1.773500,74412,2743
-0.669216,-2.229680,74413,2750
-0.597514,-2.917690,74414,2757
-0.717017,-0.877864,74415,2764
-0.979924,-1.249890,74416,2770
-1.326482,-2.455990,74417,2778
0.900000,5.340210,74418,2785
0.400000,3.403190,74419,2792
-0.650000,-1.452240,74420,2801
2.800000,3.170610,74421,2733
-0.805000,-0.284858,74422,2740
-0.165000,-1.201140,74423,2746
-0.250000,-0.292948,74425,2759
0.015000,0.700346,74426,2765
-0.415000,-0.600219,74427,2773
-0.280000,-1.347980,74430,2795
0.660000,-0.310785,74431,2804
-0.240000,-0.912701,74432,2735
-0.300000,-0.118140,74434,2748
0.358509,1.182410,74444,1016
1.195029,2.267870,74446,1031
1.099426,2.027680,74448,1045
0.478011,1.271640,74450,1056
0.717017,2.457320,74452,1065
1.505736,1.296880,74454,1082
0.358509,0.978531,74456,1093
0.740918,0.556226,74458,1105
0.979924,2.257120,74460,999
0.262906,1.497850,74462,1009
-0.525813,-0.409033,74464,1023
1.434034,1.649620,74466,1038
1.314532,2.494670,74468,1050
0.836520,1.019860,74470,1060
-2.800000,-0.459632,74471,2986
-2.200000,0.055951,74472,2987
-0.400000,0.952424,74473,2988
0.100000,0.742250,74474,2989
-0.400000,0.464064,74475,2990
-0.900000,0.918074,74476,2981
-1.100000,-0.686207,74477,2982
-1.400000,-0.361250,74478,2983
-1.900000,0.510613,74479,2984
-2.700000,0.500359,74480,2985
2.320000,4.201150,74481,957
3.400000,4.556100,74482,779
4.200000,4.309220,74483,796
4.533333,4.822860,74484,814
4.245000,4.238920,74485,2667
3.526000,5.770600,74486,854
0.000000,1.365250,74487,2685
0.450000,0.829210,74488,2696
-0.316667,-0.283634,74497,860
1.030000,0.931736,74498,882
-0.412500,-1.616680,74499,901
-0.280000,-0.354444,74500,918
0.615000,0.240717,74501,934
0.440000,0.211319,74502,950
0.030000,-0.046095,74505,805
-0.570000,-0.310610,74506,826
-0.570000,1.287580,74507,847
-0.440000,0.700062,74508,869
-0.290000,-0.492737,74509,889
0.170000,-0.543588,74510,909
-0.060000,-0.107879,74512,943
-0.300000,-0.228231,74513,958
0.290000,0.908797,74514,780
-0.390000,0.612841,74515,797
-0.350000,3.077780,74516,2466
0.210000,2.106030,74517,2467
1.500000,3.944570,74518,855
1.900000,4.794460,74519,877
0.800000,0.154052,74520,896
0.583333,1.490250,74521,914
1.600000,3.038380,74522,931
1.200000,3.414060,74523,946
0.700000,3.201410,74524,769
0.800000,2.804510,74525,784
0.400000,1.016090,74526,801
0.670000,4.458570,74527,818
1.300000,5.767600,74528,840
1.900000,5.016470,74529,861
0.140000,0.028459,74533,935
-0.170000,0.225897,74534,951
-1.270000,-2.345780,74535,773
0.180000,-0.713864,74536,788
0.200000,0.096488,74537,806
0.240000,-0.178282,74538,827
0.220000,-0.003805,74539,848
0.750000,2.919150,74546,2636
0.800000,2.486080,74547,2646
-1.250000,-2.129850,74548,836
0.600000,1.079250,74549,856
2.300000,1.598530,74550,878
0.500000,1.354310,74551,897
0.400000,0.671005,74552,915
0.300000,-0.307213,74553,932
0.200000,-0.598397,74554,947
2.500000,3.060190,74555,770
1.000000,1.510510,74556,785
0.100000,-0.699622,74557,802
1.300000,1.970450,74558,819
1.600000,1.881500,74559,841
3.100000,6.024130,74567,789
2.650000,4.925780,74568,807
4.950000,11.180800,74569,828
0.853333,2.069930,74570,849
1.560000,3.015720,74571,870
0.770000,1.115190,74572,890
2.973333,5.927600,74582,2686
3.000000,6.850990,74583,2697
-0.160000,-1.236860,74585,2722
-0.280000,-1.202640,74586,2628
6.000000,7.057910,74594,919
5.366667,6.335580,74595,936
0.937500,2.899480,74596,2726
0.660000,1.780540,74597,2632
1.100000,1.958430,74598,2653
1.300000,2.986830,74599,2663
1.600000,2.284870,74600,2673
0.675000,2.032560,74601,2682
0.975000,2.121050,74602,2692
1.275000,3.332350,74603,2703
1.525000,3.103600,74604,2714
2.100000,2.293200,74605,2721
1.950000,4.297440,74606,2637
0.550000,-0.945366,74607,2647
0.050000,-0.537874,74608,2658
0.250000,-0.964256,74609,2668
0.750000,-1.328470,74610,2677
2.500000,3.842820,74611,2687
1.042000,5.083530,74612,2698
-0.835714,1.553990,74613,2708
0.500000,2.508040,74614,2715
0.600000,2.339200,74615,2723
-0.150000,4.356070,74616,2629
0.900000,3.457250,74617,2640
2.108000,3.059370,74618,2651
1.800000,3.204680,74619,2660
1.950000,4.659660,74620,2670
1.622000,3.570780,74621,2680
2.500000,6.717170,74622,2690
2.800000,2.241840,74623,2701
0.700000,-0.489542,74624,2712
-0.830000,-3.142000,74625,2719
2.820000,2.786870,74627,2643
-0.395000,-0.064372,74629,2664
-1.700000,0.474411,74637,2638
-1.600000,0.549852,74638,2648
-1.100000,2.981380,74639,2659
-0.100000,4.625390,74640,2669
1.500000,5.658280,74641,2678
-2.000000,-0.913529,74642,2688
-1.700000,-1.671990,74643,2699
-1.100000,-0.160027,74644,2709
-1.500000,0.113165,74645,2716
-1.300000,-1.048420,74646,2724
-1.200000,-0.452668,74647,2630
-0.100000,-0.493415,74650,820
0.100000,0.555177,74651,842
-1.300000,-0.701488,74652,862
-0.900000,0.614447,74653,883
-0.700000,-0.325687,74654,902
0.300000,1.448370,74655,920
-0.390000,0.616862,74658,774
-0.330000,0.525119,74659,790
-0.310000,0.656088,74660,808
-0.270000,0.163959,74661,829
-0.240000,0.825828,74662,850
-0.200000,-1.390630,74663,871
-0.190000,-0.088950,74664,891
-0.100000,0.999448,74665,910
-0.060000,0.838489,74666,927
-0.050000,-1.074960,74667,944
-0.040000,0.645883,74668,959
-0.010000,-0.182128,74669,781
0.000000,0.632450,74670,798
0.110000,0.783385,74671,815
0.110000,0.019855,74672,837
0.140000,-1.065490,74673,857
0.530000,-0.177002,74674,879
3.030000,9.228660,74675,898
-0.090000,1.690150,74676,2710
-0.120000,0.835636,74677,2717
-0.160000,-0.868845,74678,2725
0.093333,0.490028,74679,2631
-0.200000,0.183642,74680,2641
0.050000,0.822075,74681,2652
-0.080000,1.506870,74682,2661
0.680000,1.627000,74683,2671
2.135000,3.188470,74684,863
1.450000,3.710920,74685,884
0.330000,2.079570,74686,903
1.790000,4.503490,74687,921
0.345000,2.405940,74688,937
-0.250000,2.261290,74689,952
0.850000,0.581435,74691,791
0.450000,0.077826,74692,809
1.050000,1.701200,74693,830
1.900000,1.099130,74694,851
2.150000,1.722010,74695,872
2.150000,-0.161054,74696,892
2.600000,2.550870,74699,2639
2.200000,4.734030,74700,2649
0.450000,-1.073040,74701,2910
-0.760000,-1.890270,74702,2917
1.060000,0.817477,74703,2921
0.150000,-1.230950,74704,2925
-0.190000,-0.525459,74705,2931
0.040000,0.841884,74706,2936
-0.230000,-0.416012,74707,2940
0.380000,-0.031733,74708,2947
-0.450000,0.377540,74709,2892
0.040000,3.560120,74710,2899
-0.380000,2.792680,74711,2905
-0.680000,-0.883403,74712,2912
0.450000,0.522526,74713,2918
-1.200000,4.684790,74714,2922
-1.400000,3.303250,74715,2927
-1.800000,-2.787940,74716,2932
-0.870000,-1.026240,74717,2937
-0.760000,-1.264000,74718,2943
-0.720000,-1.641650,74719,2950
-0.270000,-0.549463,74720,2895
-0.190000,-0.405764,74721,2901
-0.040000,0.232969,74722,2907
0.000000,-0.037206,74723,2914
0.080000,-1.674600,74724,2919
-0.990000,-1.437450,74726,2929
0.080000,-3.632580,74729,2945
0.150000,-2.543070,74730,2952
0.270000,-1.482260,74731,2897
0.450000,-1.547730,74733,2911
0.910000,-0.037414,74736,2926
2.200000,3.029420,74741,2893
2.270000,1.603970,74742,2900
2.310000,3.492360,74743,2906
2.460000,0.942534,74744,2913
3.070000,47.082600,74746,2923
4.400000,1.871190,74747,2928
2.700000,2.510120,74748,1479
2.100000,2.228460,74749,1486
3.200000,1.813910,74750,1491
3.233333,2.826180,74751,1495
0.050000,0.919621,74766,821
0.750000,0.032311,74767,843
-0.150000,-0.917732,74768,864
-0.050000,-0.071062,74769,885
0.150000,1.819650,74770,904
2.156667,-0.816537,74777,2867
1.803333,4.255210,74778,2868
2.063333,3.724790,74779,2870
-0.210000,4.801150,74780,2872
6.960000,9.514500,74781,2874
-1.070000,0.985512,74782,2209
-0.300000,-3.158380,74783,2210
-0.480000,-0.845324,74784,2211
-0.720000,3.475200,74785,2206
-1.250000,1.336510,74786,2207
-0.450000,1.551590,74787,2208
-0.050000,1.528500,74789,2771
0.900000,1.197470,74790,899
3.700000,12.805700,74791,916
6.855000,2.627760,74792,2876
9.805000,6.953120,74793,2878
5.510000,-3.631580,74794,2861
0.890000,4.158170,74795,2863
2.365000,-0.368386,74796,2865
5.675000,0.731173,74797,2866
0.500000,-0.275567,74798,284
1.300000,2.473320,74799,290
-0.200000,-0.428010,74800,296
3.000000,3.499380,74801,302
0.600000,0.857430,74802,307
1.500000,-0.470948,74803,312
0.300000,1.493020,74804,319
0.800000,2.785100,74805,264
1.200000,2.977580,74806,269
0.000000,1.437410,74807,274
1.800000,8.354780,74808,280
0.400000,0.712404,74809,293
0.300000,-0.021841,74810,299
1.500000,2.226240,74811,304
2.100000,1.731410,74812,309
1.800000,0.303371,74813,316
2.200000,3.114420,74814,322
0.000000,0.116314,74815,266
1.000000,2.239730,74816,271
0.000000,0.129613,74817,276
1.000000,1.849170,74818,282
0.100000,0.952964,74819,288
1.200000,2.250360,74820,295
2.100000,2.294150,74821,306
0.000000,0.093135,74822,311
0.400000,0.478608,74823,318
0.500000,0.092627,74824,263
3.300000,1.842590,74825,268
-0.100000,0.059079,74826,273
1.600000,0.312580,74827,278
0.200000,0.872374,74828,285
0.400000,-1.111170,74829,291
1.700000,0.521956,74830,297
0.100000,0.567742,74831,303
0.100000,0.110541,74832,308
0.200000,0.011265,74833,313
0.200000,5.431620,74834,320
-2.800000,2.176330,74844,2425
-2.900000,-0.218589,74845,2430
2.100000,9.696170,74849,465
1.600000,2.338380,74850,466
4.000000,6.661870,74851,467
2.300000,3.417320,74852,468
10.300000,0.709983,74853,469
0.400000,4.529110,74854,463
17.400000,2.122400,74855,464
3.540000,0.198217,74856,1470
12.000000,2.209050,74857,1477
11.700000,4.904400,74858,1484
-0.556667,-0.348608,74859,2869
-1.310000,-1.361340,74860,2871
-0.653333,-4.860200,74861,2873
0.253333,-3.946510,74862,2875
-0.406667,-5.127110,74863,2877
0.690000,0.529445,74864,2879
0.310000,3.063910,74865,2862
0.983333,0.501725,74866,2864
3.900000,7.617220,74867,2808
4.000000,8.933390,74868,2810
2.700000,1.653600,74869,1154
2.820268,2.890670,74870,533
0.200000,1.635770,74871,41
2.400000,2.094480,74872,1504
2.500000,4.749060,74873,960
3.150000,4.421400,74874,782
2.600000,2.173500,74875,799
2.900000,1.656540,74876,816
3.200000,5.637900,74877,838
1.400000,5.272660,74878,858
2.950000,4.182570,74879,880
1.500000,4.397450,74880,900
2.800000,2.716940,74881,917
1.800000,1.279490,74882,933
1.900000,2.737000,74883,948
1.133333,2.893190,74884,771
1.750000,1.863820,74885,786
2.100000,1.743870,74886,803
1.900000,4.635610,74887,822
2.900000,3.965860,74888,844
3.900000,5.117880,74889,865
3.250000,5.816560,74890,886
3.600000,3.060650,74891,905
3.800000,5.669680,74892,922
2.850000,4.379640,74893,938
2.800000,3.873680,74894,953
-0.500000,-1.148580,74895,775
-0.500000,-2.687810,74896,792
3.400000,4.814710,74897,810
1.600000,-2.381370,74898,831
0.406310,1.932980,74899,2505
1.338432,2.614840,74900,2507
0.932122,1.789270,74901,2509
0.645315,1.771150,74902,2512
0.979924,1.721540,74904,2513
1.505736,0.389270,74905,2514
0.430210,0.287920,74906,2515
1.003824,0.680404,74907,2501
0.884321,3.411710,74908,2502
0.573614,0.976695,74909,2503
-0.071702,-0.782982,74910,2504
1.744742,1.571420,74911,2506
1.601338,2.256490,74912,2508
1.123327,0.969270,74913,2510
0.501912,0.504109,74914,1083
0.191205,-0.390278,74916,1094
-0.071702,-0.105300,74918,1106
0.956023,1.456150,74920,1000
0.239006,0.091498,74922,1010
0.358509,0.411414,74924,1024
1.500000,3.879760,74926,1329
2.300000,5.589420,74927,1335
2.200000,3.932850,74928,1340
2.533461,4.277520,74943,1004
3.704589,3.812140,74945,1017
1.720841,4.562220,74947,1032
2.700765,3.604540,74949,1046
0.932122,3.892490,74951,1057
3.824092,6.674110,74953,1066
4.000000,2.605280,74955,772
-0.300000,-1.039710,74957,2246
1.000000,0.142695,74958,2247
1.900000,0.774782,74959,2248
2.000000,1.663560,74960,2249
2.200000,0.581021,74961,2250
2.400000,2.267010,74962,2251
-0.050000,0.581113,74969,832
-0.693117,4.219980,74974,2489
1.457935,7.544730,74975,2493
0.573614,2.394030,74976,2496
-1.100000,6.502260,74979,2881
-0.400000,1.844050,74980,2882
-0.804254,-0.762698,74981,2885
-0.500000,2.683450,74982,2887
-0.608270,-2.235880,74983,2889
-1.100000,-1.361740,74987,823
6.850000,7.490080,74989,866
0.095602,2.336500,74991,1075
0.525813,-3.286040,74992,1086
0.382409,2.026610,74993,1015
-0.023901,2.020090,74994,1043
1.649140,5.601740,74995,1054
0.900000,-0.967939,74996,1343
0.095602,1.568550,74997,1078
1.768642,1.188340,74999,1089
4.086998,3.345720,75001,1101
0.000000,0.523907,75002,1110
1.290631,3.396460,75004,1005
0.812620,-0.313331,75006,1018
3.585086,5.459000,75007,1033
2.222753,4.947240,75009,1047
3.776291,4.191730,75011,1058
1.663480,3.790660,75033,50
1.192639,1.343870,75034,51
1.159178,3.788420,75035,52
-0.045411,-0.288236,75036,53
1.307361,1.137400,75037,43
0.327438,-0.022250,75038,44
0.356119,-0.555466,75039,45
0.014340,0.353277,75040,46
0.210325,0.978547,75041,47
-0.963193,0.046963,75042,48
-0.454111,-0.369873,75043,49
0.119503,0.140401,75060,1019
0.597514,0.488863,75061,1034
1.541587,-1.297690,75062,526
2.366157,-1.057240,75063,527
2.294455,2.080470,75064,1067
-1.099426,-0.073261,75065,1074
0.047801,-0.282446,75066,1084
0.310707,0.892206,75067,1095
0.860421,0.277558,75068,1107
0.215105,2.400780,75069,1001
-0.454111,0.164607,75070,1011
-0.191205,0.575311,75071,1025
-0.645315,0.650889,75072,1039
0.286807,-0.241668,75073,1051
-0.478011,0.266433,75074,1061
-0.860421,-0.252514,75075,1068
-0.071702,-1.506320,75076,1076
-0.525813,-0.234885,75077,1087
0.047801,-0.476183,75078,1098
0.764818,-0.527496,75102,1012
1.111377,-0.933268,75103,1026
0.501912,-0.383634,75104,1040
1.111377,-0.367152,75105,1052
0.071702,0.254867,75106,1062
0.083652,1.572220,75107,1069
0.382409,-0.423297,75108,2944
-0.023901,4.571510,75109,2951
1.457935,2.470570,75110,2896
0.570000,-2.699870,75111,2908
-0.280000,-4.540960,75112,2915
3.728489,5.317610,75115,1071
0.023901,2.275920,75116,1079
0.334608,2.467660,75117,1090
-0.812620,2.188750,75118,1102
0.669216,1.858160,75119,1111
1.003824,2.308470,75120,1006
0.501912,2.441440,75121,1020
0.286807,2.137060,75122,1035
1.600000,0.696174,75123,16
5.000000,4.210040,75125,17
-1.945000,2.759440,75147,1198
-1.880000,2.226980,75148,1201
-1.277500,0.301512,75152,1653
-1.318500,-0.060344,75154,1655
0.440000,0.492084,75159,1657
-0.840000,-0.768514,75160,1658
-1.715000,-0.545583,75161,1652
-2.330000,-1.853880,75164,1654
3.250000,3.507320,75173,460
3.356667,2.789200,75174,461
2.263333,2.902950,75175,462
1.410134,1.244570,75201,1030
0.358509,0.118784,75202,1044
1.434034,2.229650,75203,1055
1.338432,1.127540,75204,1064
0.382409,2.108450,75205,1072
0.239006,-0.636307,75206,1080
0.430210,1.694550,75207,1091
0.334608,0.836401,75208,1103
0.071702,2.051160,75209,1112
0.143403,-0.434248,75210,1007
-0.167304,-0.741868,75211,1021
-0.071702,-1.281450,75212,1036
-0.884321,0.178935,75213,1048
2.290000,3.323140,75214,1630
2.590000,3.380180,75217,1640
1.780000,8.483740,75218,1644
0.100000,1.010690,75221,1270
-0.300000,0.608096,75222,1271
-1.000000,2.375000,75223,1272
-1.500000,1.819100,75224,1273
-1.600000,-1.729200,75225,1274
-1.000000,-0.812627,75226,1275
-1.000000,3.185200,75227,1265
-1.400000,1.493540,75228,1267
1.100000,2.882630,75246,980
1.600000,4.757640,75253,995
0.875000,-6.853000,75290,1294
0.421000,-3.805260,75291,1299
0.445000,-3.906280,75292,1304
-0.270000,-1.216870,75293,1309
-1.220000,0.632417,75294,1313
-2.720000,2.867720,75295,570
-2.350000,3.011260,75296,545
2.200000,-0.250923,75297,1725
1.300000,0.165018,75298,1777
0.300000,2.749480,75299,1827
0.200000,2.874240,75300,1877
-1.000000,0.415525,75301,1930
-1.400000,-2.632890,75302,1981
0.800000,0.709235,75303,2032
0.300000,-1.306260,75304,2082
0.000000,0.228351,75305,2135
0.100000,-1.046210,75306,2187
0.100000,0.084403,75307,1692
0.200000,-1.440420,75308,1743
1.500000,2.632050,75309,1795
1.000000,0.437889,75310,1845
1.600000,0.736336,75311,1896
0.000000,-0.373575,75312,1948
0.500000,-0.275090,75313,1999
0.400000,0.533538,75314,2049
0.300000,-0.864199,75315,2100
2.100000,-0.001589,75316,2152
0.700000,-1.346800,75317,2204
2.300000,0.269011,75318,1708
0.700000,-2.290030,75319,1760
3.500000,15.939200,75320,1812
2.900000,3.916160,75321,1862
0.800000,1.299470,75322,1915
0.100000,0.064792,75323,1966
0.000000,0.279903,75324,2018
0.100000,-0.819086,75325,2067
0.600000,0.415302,75326,2120
0.400000,-0.814963,75327,2172
2.700000,1.503510,75328,1676
1.600000,-1.250620,75329,1726
-0.200000,-0.124390,75330,1778
-0.600000,-0.519255,75331,1828
0.000000,0.518442,75332,1878
0.000000,0.398841,75333,1931
0.500000,-0.108288,75334,1982
1.100000,0.924777,75335,2033
0.700000,0.397276,75336,2083
0.350000,1.344090,75341,2883
1.150000,0.628722,75342,2884
1.900000,4.666370,75343,2886
1.200000,2.326620,75344,2888
-0.382409,-0.822877,75346,2492
0.430210,3.581320,75347,2495
-0.286807,0.126169,75348,2475
1.434034,2.777070,75349,2478
0.788719,2.189530,75350,2481
0.406310,1.637480,75351,2482
1.314532,3.750780,75352,2511
-0.600000,-2.150040,75359,758
-0.824570,0.614845,75362,1656
0.298757,-3.235780,75363,2436
1.959847,1.206000,75364,2439
-0.501912,-1.176530,75366,768
0.645315,82.251700,75368,766
-0.621415,-1.176550,75369,767
0.800000,2.404620,75370,824
1.200000,4.084710,75371,845
0.300000,0.614478,75372,867
0.400000,2.187240,75373,887
0.500000,2.000280,75374,907
-0.200000,0.174598,75375,924
0.100000,-3.122430,75376,940
0.300000,-2.110040,75377,954
3.202677,3.865220,75378,1461
4.541109,4.337770,75379,1466
6.357553,6.634810,75380,1472
1.400000,-1.194380,75381,1331
1.900000,1.747010,75382,1337
0.000000,-0.324912,75383,1344
1.700000,2.384810,75384,1347
0.000000,-0.353954,75385,1350
-0.300000,-0.655826,75386,1353
1.700000,-1.994830,75387,1356
0.200000,-1.063590,75388,1359
0.900000,1.957410,75389,1320
1.300000,0.904678,75390,1325
0.500000,0.668791,75391,1328
4.400000,2.000260,75392,1334
0.320000,-1.388880,75393,2370
10.490000,2.291420,75394,2371
0.740000,2.218420,75395,1458
0.740000,3.136880,75396,1459
-1.250000,-1.294760,75398,1511
0.485000,-2.028360,75399,1512
0.290000,1.200230,75402,1510
-0.700000,-0.291491,75403,1326
2.000000,1.743150,75404,1330
1.150000,0.640304,75405,1336
0.000000,0.698653,75406,1341
0.845000,1.986990,75407,376
1.025000,4.513530,75408,386
-4.740000,2.265330,75409,2473
-7.340000,5.329280,75410,2470
-8.640000,3.536280,75411,2471
-4.680000,1.983800,75412,2472
0.200000,2.296060,75413,2754
1.400000,4.108450,75414,2761
3.900000,5.912280,75415,2767
3.100000,8.028820,75416,2775
-0.023901,-0.015893,75417,418
-0.071702,0.437296,75418,422
0.400000,3.239150,75436,2050
0.600000,0.630713,75437,2101
1.100000,0.867841,75438,2153
4.500000,5.287040,75439,2205
-0.700000,0.832622,75442,54
0.390000,0.230849,75443,2821
0.740000,-0.582191,75444,2822
0.410000,0.446330,75445,2823
-0.200000,-0.831087,75446,2824
1.830000,0.283856,75447,2825
1.660000,-0.182860,75448,2826
0.910000,0.260664,75449,2827
0.060000,0.061903,75450,2820
2.000000,1.905750,75473,949
1.360000,4.991050,75509,2839
0.120000,3.260250,75510,2834
-0.500000,3.232680,75511,2841
0.300000,4.064780,75512,2844
1.320000,-1.706050,75513,1145
0.790000,1.361870,75514,1147
0.820000,2.383650,75515,1149
3.020000,0.914815,75516,1151
-0.040000,-0.158140,75517,1137
1.290000,1.757950,75518,1139
3.170000,1.131240,75519,1140
3.760000,1.051380,75520,1141
1.770000,1.938680,75521,1142
2.710000,4.178130,75522,1143
1.370000,-0.107217,75523,1144
3.000000,0.894341,75524,1146
1.310000,1.221350,75525,1148
3.710000,0.853258,75526,1150
2.970000,1.874030,75527,1136
2.700000,0.483317,75528,1138
0.770000,0.629873,75535,2654
-0.710000,1.352370,75557,727
1.080000,4.140400,75558,728
0.460000,1.758290,75559,724
1.240000,-0.456798,75560,725
0.320000,-1.286640,75561,726
-7.900000,1.489930,75569,1152
-1.425000,1.637300,75570,1153
-0.940000,-0.726714,75574,595
-1.295000,-1.160080,75575,599
-0.880000,-0.756231,75576,603
0.260000,0.417087,75577,607
-0.785000,-1.696450,75578,612
-0.655000,-2.344550,75579,615
-1.010000,-1.425210,75580,618
0.280000,-0.747299,75581,585
3.530000,5.237600,75582,588
1.940000,2.540380,75583,609
2.390000,3.243220,75584,593
-0.090000,-0.421303,75585,597
1.980000,1.805250,75586,601
1.380000,1.098100,75587,605
0.650000,-0.279594,75588,610
2.170000,1.972810,75589,614
0.830000,-0.302019,75590,617
-0.980000,2.579090,75591,620
0.670000,-0.933644,75592,587
1.030000,-0.632743,75593,589
2.050000,3.218950,75594,591
0.370000,0.587077,75595,594
1.510000,-0.853858,75596,598
0.140000,4.504880,75597,602
3.600000,0.503972,75598,606
2.460000,3.111270,75599,611
0.850000,4.925110,75600,590
-1.010000,-1.458040,75727,2490
-0.870000,-0.723692,75728,2494
-0.440000,-0.618177,75729,2474
-0.940000,1.136140,75730,2476
-0.060000,0.873974,75731,2479
1.038000,1.502930,75743,14
1.203000,2.490220,75744,15
0.161000,0.913326,75745,11
1.579000,4.748900,75746,12
1.014000,1.264280,75747,13
-1.744742,1.919700,75790,503
-2.748566,-0.523004,75791,508
-1.529637,-2.112030,75792,513
-2.174952,-0.441243,75793,518
-0.286807,-0.096084,75807,484
-1.410134,-0.699154,75808,490
-1.577438,1.913380,75810,497
-3.200000,-0.756230,75859,761
-2.700000,-0.301708,75860,762
-2.900000,5.510720,75861,763
-1.100000,2.164750,75862,764
0.860000,1.799110,75863,2418
-0.800000,-1.870520,75910,528
0.525813,1.148830,75912,649
0.764818,0.149265,75913,652
0.764818,0.458475,75914,655
0.286807,-0.949409,75915,658
-0.239006,-0.573030,75916,635
0.908222,0.054806,75917,637
-0.071702,-1.092650,75918,639
-0.430210,0.686997,75919,641
1.195029,0.227636,75920,643
-0.119503,1.568220,75921,645
0.071702,-2.337580,75922,647
-0.334608,-0.094614,75923,650
-0.047801,-0.256527,75924,653
1.099426,0.654045,75925,656
0.047801,-1.079000,75926,659
-0.358509,-3.067680,75927,636
-0.573614,-0.300207,75928,638
0.262906,0.018933,75929,640
1.290631,1.059890,75930,642
0.262906,0.218702,75931,644
0.740918,1.345850,75932,646
-0.191205,0.370692,75933,648
0.501912,0.897890,75934,651
1.362333,0.471040,75935,654
0.406310,-0.593723,75936,657
0.310707,0.162971,75937,634
-2.900000,-6.090860,75939,1342
-2.850000,-3.896630,75941,1349
-2.700000,-0.901706,75942,1352
-2.700000,-3.291670,75943,1355
-2.300000,-2.697440,75944,1358
-2.300000,-4.098690,75945,1318
-1.800000,-5.271790,75946,1323
0.300000,-0.621755,75948,1332
-0.533333,1.251960,75949,1338
6.100000,0.313178,75950,1345
-0.600000,-1.538940,76003,252
0.478011,2.150900,76004,2954
3.226577,4.624760,76005,2957
1.832377,5.583860,76006,2960
1.513703,4.981240,76007,2962
1.673040,4.144910,76008,2966
1.673040,4.600390,76009,2970
3.346080,9.692830,76010,2972
1.792543,6.022030,76011,2973
3.107075,3.601020,76012,2976
2.071383,2.487570,76013,2979
2.390057,2.754550,76014,2953
0.956023,2.727010,76015,2956
2.629063,8.456230,76016,2959
3.585086,8.430470,76017,2961
5.019120,8.614190,76018,2963
2.868069,2.713750,76019,2967
1.195029,4.537550,76020,2971
1.150000,0.855270,76021,698
0.550000,1.577720,76022,700
-0.250000,1.041000,76023,701
0.200000,3.106450,76024,702
0.350000,2.748730,76027,693
0.600000,3.678220,76028,694
1.300000,4.983120,76029,695
1.900000,5.579570,76030,696
1.300000,5.483280,76031,697
-1.300000,0.787362,76032,699
0.783939,0.866731,76033,2272
0.731358,-0.398564,76034,2274
2.275335,1.321810,76035,2275
-0.554493,-1.385350,76036,2277
0.932122,-0.056444,76037,2259
0.473231,-0.441683,76038,2265
1.553537,0.164166,76039,2267
0.917782,-0.187119,76040,2268
1.304971,0.820804,76041,2269
1.065966,0.168355,76042,2271
0.033461,-0.877236,76043,2273
3.500000,5.744380,76045,1377
0.600000,2.047100,76047,1368
2.900000,4.502490,76048,1370
0.425000,2.787440,76050,1372
2.325000,2.687920,76051,1373
0.150000,3.198540,76053,1374
1.150000,4.644900,76054,1375
2.750000,3.481370,76055,1376
0.775000,4.503290,76056,1378
3.575000,4.491810,76057,1367
2.650000,3.023310,76058,1369
1.825000,5.222310,76059,1371
1.300000,0.847522,76074,667
-0.157744,1.812700,76075,662
2.270554,4.024130,76076,664
1.269120,1.085900,76077,666
2.399618,3.100010,76078,668
0.930000,3.606570,76083,704
-0.090000,4.123710,76084,705
-1.380000,5.435010,76085,706
2.420000,8.413930,76086,707
5.305927,6.733330,76092,1168
4.995220,5.811710,76093,1169
4.660612,0.929711,76094,1166
-0.270000,-0.828106,76099,592
0.020000,1.196570,76100,596
-0.010000,2.871940,76101,600
-0.050000,5.666620,76102,604
-0.450000,-0.983013,76103,608
-0.060000,0.550527,76105,613
-0.220000,-0.799751,76106,616
-0.230000,-1.969880,76107,619
-0.100000,0.041053,76108,586
0.450000,0.066491,76110,1473
0.270000,-0.111142,76111,1480
-0.690000,-0.099000,76112,1487
1.900000,7.229770,76115,2468
0.000000,5.436100,76116,2469
2.900000,3.276220,76119,873
2.200000,3.467960,76121,911
3.100000,6.255680,76122,928
2.000000,7.131050,76124,961
0.400000,0.524498,76125,783
1.000000,1.713370,76126,800
2.300000,2.637850,76127,817
0.400000,4.461710,76128,839
0.700000,1.569780,76129,859
2.800000,4.701290,76130,881
-1.673040,-2.545110,76131,741
-2.652964,-2.941520,76132,729
-0.597514,-3.412480,76133,731
-1.577438,-2.419260,76134,732
-2.557361,-2.566040,76135,733
-1.095443,-0.545016,76136,501
2.277725,0.304154,76137,506
1.408142,-1.677730,76138,510
-0.406310,-0.203219,76139,516
1.465902,1.677340,76140,470
0.478011,-0.257008,76141,475
0.366475,0.074282,76142,480
0.167304,-0.403362,76143,485
0.617431,-0.906761,76144,491
0.250956,-2.032120,76145,495
1.896112,1.456600,76146,498
2.033540,2.114830,76149,512
0.147387,-0.286995,76151,473
0.326641,0.190916,76152,478
0.462078,-0.729528,76154,488
0.665233,-1.203300,76155,493
1.310548,-0.189269,76157,499
0.768802,-1.351670,76158,504
0.235022,2.599690,76160,514
0.067718,-1.201190,76161,519
-0.051785,-0.382602,76162,474
0.155354,-0.885571,76163,479
-0.227055,-0.154508,76164,483
-0.051785,-1.668110,76165,489
-0.673199,1.349330,76166,494
-0.039834,2.742770,76167,496
0.282823,-0.754290,76168,502
1.139261,-0.716160,76169,507
0.191205,-1.001490,76170,511
-0.203155,-0.544122,76171,517
0.039834,0.478428,76172,471
-0.462078,0.715988,76173,476
-0.262906,-0.710966,76174,481
1.390217,0.228218,76175,486
0.549713,-1.028470,76176,492
3.800191,3.594480,76180,1500
7.339866,7.978070,76181,1503
2.578872,2.132500,76182,1507
4.866157,4.247520,76183,1462
2.851338,1.014160,76184,1467
5.518642,4.721690,76185,1474
2.024379,2.287380,76186,1481
3.496654,2.328600,76187,1488
0.434990,0.860639,76188,1492
0.427820,0.982108,76189,1496
2.987572,3.713750,76190,1498
4.801625,5.301790,76191,1501
0.800669,1.078790,76192,1505
4.371415,4.449780,76193,1509
0.078872,1.299010,76194,1464
2.844168,5.443600,76195,1468
4.199331,1.695960,76196,1475
7.282505,5.874730,76197,1482
0.430210,0.878911,76198,1489
0.664436,3.053680,76199,1493
1.183078,2.727530,76200,1497
1.921606,-0.461898,76201,1499
2.772467,1.519790,76202,1502
1.787763,3.134630,76203,1506
2.194073,2.257810,76204,1460
1.085086,4.012120,76205,1465
1.945507,-1.210370,76206,1471
2.368547,3.089680,76207,1478
1.297801,0.876138,76208,1485
0.700287,0.209002,76209,1490
0.434990,4.028960,76210,1494
2.700000,-0.512913,76211,1197
2.400000,3.224430,76212,1200
0.200000,4.175050,76213,1204
-0.500000,-1.832940,76214,1207
0.300000,0.385501,76215,1173
0.500000,0.281745,76216,1177
2.800000,5.043200,76217,1181
3.500000,16.468000,76218,1185
3.100000,8.822320,76219,1189
0.700000,5.765700,76220,1192
0.191205,1.989700,76222,2965
2.151052,4.438420,76223,2969
0.298757,6.847280,76226,2974
2.246654,7.197850,76227,2977
0.155354,-0.157633,76228,2980
2.927820,1.814710,76229,2955
-0.418260,1.771400,76230,2958
-1.030000,1.557860,76231,578
-0.600000,1.412180,76232,580
-0.130000,1.181720,76233,581
0.130000,1.039420,76234,582
0.130000,3.544020,76235,572
0.640000,6.561830,76236,573
0.320000,7.727200,76237,574
-0.080000,17.675600,76239,575
0.020000,-3.002560,76241,583
-0.509879,-0.206033,76245,412
0.509879,2.056470,76246,414
0.430210,0.581800,76247,417
0.175271,-0.338510,76248,420
0.000000,0.087072,76249,424
0.127470,-0.715846,76250,427
0.334608,-0.628294,76251,405
0.270873,-0.711809,76252,408
0.700000,2.751940,76254,1134
0.020000,1.178890,76255,1135
0.555000,0.645564,76257,1130
0.060000,-0.679948,76258,1131
-0.905000,1.375380,76260,1132
0.690000,1.242510,76261,1133
-0.360000,0.117274,76265,759
-0.760000,1.378560,76266,760
3.200000,3.241170,76270,906
2.100000,1.119050,76271,923
2.100000,2.263660,76272,939
3.387500,3.004070,76273,2276
2.575000,1.736330,76274,2258
1.050000,0.675263,76275,2261
2.915870,4.528560,76277,734
2.127151,4.979200,76278,735
4.421606,4.610760,76279,736
4.541109,5.457300,76280,737
3.967495,5.710310,76281,738
2.868069,5.767630,76282,739
4.039197,6.460800,76283,740
5.258126,5.548300,76284,742
2.605163,0.511338,76285,730
6.100000,6.457740,76286,430
5.750000,8.086380,76287,432
5.000000,4.199180,76288,433
4.100000,4.269460,76289,434
2.750000,5.465180,76290,435
-1.350000,-0.919554,76293,2890
1.200000,1.276450,76294,2891
2.500000,-0.320759,76297,1508
2.800000,3.217770,76298,1463
-0.119503,3.655130,76305,2486
0.095602,-0.064814,76306,2477
0.382409,-1.885800,76307,2480
-0.956023,1.075080,76308,2487
-0.358509,-1.195290,76309,2491
1.200000,6.945650,76315,2842
2.233333,3.571500,76316,2845
3.100000,3.290910,76317,2847
3.000000,5.601100,76318,2849
3.033333,3.975550,76319,2850
3.466667,6.671290,76320,2851
3.100000,5.440180,76321,2852
4.200000,3.532040,76322,2854
2.000000,0.833812,76323,2836
2.000000,4.250570,76324,2838
7.350000,2.580170,76325,21
3.400000,-0.539643,76326,23
5.000000,1.696240,76327,25
1.300000,-0.990291,76328,27
5.600000,-2.919230,76329,29
5.050000,-0.018626,76330,32
4.850000,2.170240,76331,34
5.850000,-2.977120,76332,36
7.350000,-2.111780,76333,18
6.300000,2.178150,76336,22
3.600000,-0.195082,76337,24
-0.400000,4.398550,76338,26
2.600000,2.118390,76339,28
5.150000,2.563550,76340,31
3.333333,0.931318,76342,539
-1.137667,-1.866460,76343,2829
1.370698,-1.020040,76344,2828
-0.660000,0.447925,76370,2831
-0.980000,-1.001050,76371,2832
0.250000,-1.208250,76372,2833
0.250000,0.667572,76390,925
0.500000,-1.409960,76391,941
2.000000,1.849200,76392,955
2.450000,3.360930,76393,776
2.700000,2.536730,76394,793
2.200000,2.681080,76395,811
2.900000,5.405190,76396,833
2.600000,1.122120,76397,852
2.950000,3.338750,76398,874
2.900000,2.210790,76399,893
2.850000,0.126063,76400,912
3.150000,2.525050,76401,929
3.450000,3.662030,76402,945
3.200000,2.172370,76403,962
2.900000,4.515380,76404,777
4.200000,6.436630,76405,794
4.350000,0.247837,76406,812
4.600000,4.976900,76407,834
5.750000,8.459540,76408,853
0.250000,0.886241,76409,875
0.600000,-1.316560,76410,894
-0.150574,0.122860,76413,1258
1.723948,3.503350,76414,1208
0.850860,3.172450,76415,1214
1.261950,4.481550,76416,1219
0.898662,4.398550,76417,1224
0.965583,1.675160,76418,1229
0.915392,1.826100,76419,1234
0.188815,1.027860,76420,1239
0.492352,3.005510,76421,1244
0.848470,4.940360,76422,1249
1.928776,3.858570,76423,1254
0.482792,0.608280,76424,1260
0.023901,-0.395431,76425,1210
1.631931,-0.520888,76426,1216
0.590344,2.305990,76427,1221
0.442161,-0.575672,76428,1226
0.922562,0.622900,76429,1231
0.004780,0.010694,76430,1236
0.217495,0.322343,76431,1241
-0.033461,-0.432052,76432,1246
-0.021511,-3.140920,76433,1251
0.136233,-0.688335,76434,1256
-0.007170,0.510132,76435,1262
0.862811,0.901112,76436,1212
0.645315,-0.597751,76437,1218
0.671606,1.345980,76438,1223
0.255736,0.669464,76439,1228
2.050669,4.889260,76440,1233
1.180688,3.875520,76441,1238
0.516252,-0.859636,76442,1243
0.664436,0.678847,76443,1248
0.556883,1.827750,76444,1253
2.136711,4.591340,76445,1259
1.367113,1.075410,76446,1209
-0.215105,-1.675130,76447,1215
1.878585,3.215560,76448,1220
0.121893,-0.268713,76449,1225
0.678776,0.713598,76450,1230
0.358509,1.766810,76451,1235
0.956023,2.787690,76452,1240
1.245220,1.277160,76453,1245
1.986138,3.993600,76454,1250
0.645315,2.271640,76455,1255
1.333652,7.131500,76456,1261
0.473231,3.499540,76457,1211
-0.528203,0.867127,76458,1217
1.489006,3.224010,76459,1222
0.262906,-0.591621,76460,1227
0.805449,1.210340,76461,1232
0.568834,0.998688,76462,1237
0.403920,1.654520,76463,1242
0.102772,1.649720,76464,1247
0.728967,-0.371607,76465,1252
0.291587,1.078000,76466,1257
-0.050191,-0.754606,76467,1263
0.081262,0.760385,76468,1213
0.597514,0.842155,76469,2595
0.239006,1.158660,76470,2596
0.050000,-0.068067,76528,1322
0.090000,-0.080360,76770,162
2.300000,-3.041890,76771,175
-0.980000,-0.586076,76772,101
-0.280000,0.148514,76773,129
-0.800000,-1.233780,76774,2379
0.215105,1.094200,76777,2382
1.426068,2.250140,76778,2410
0.701083,2.821610,76779,2398
2.025000,2.551380,76780,202
2.700000,4.047250,76781,113
-2.500000,-3.432010,76782,453
-2.700000,-2.598150,76783,455
-3.300000,-1.290150,76784,456
0.693117,-0.057270,76785,2414
1.362333,-0.620055,76786,2377
1.027725,-0.826389,76787,2389
3.400000,4.076430,76788,124
5.300000,2.893940,76789,140
0.200000,1.751410,76790,187
-0.800000,-1.509310,76792,963
2.050000,2.332960,76793,965
1.600000,2.014120,76803,975
-0.660000,-0.801830,76813,968
-0.870000,-1.275500,76814,969
-0.430000,-1.096160,76815,970
-1.320000,0.658657,76816,971
0.020000,-0.336121,76817,972
1.220000,3.543050,76818,974
2.250000,1.323380,76819,976
2.990000,4.980560,76820,977
2.250000,3.634390,76821,964
-0.680000,-0.108270,76822,966
-0.790000,-1.413210,76823,967
-2.400000,0.690694,76824,973
-0.302500,1.011390,76826,210
-0.216667,2.596050,76827,199
1.355000,1.488660,76828,63
0.300000,1.595240,76829,127
0.273333,1.200360,76830,90
2.910000,4.024100,76831,104
0.198800,0.958680,76832,121
0.102000,0.051361,76833,138
0.085200,0.212336,76834,154
-0.076200,-0.542833,76835,172
0.159600,0.085059,76836,190
0.349500,-0.164029,76837,207
-0.132800,0.716295,76838,223
0.332000,0.146635,76839,71
0.436800,0.435957,76840,85
0.414300,0.879965,76841,100
0.703400,0.859533,76842,111
0.493900,0.492704,76843,128
0.681000,-0.280446,76844,144
0.700500,-0.243035,76845,161
0.345000,0.254881,76846,179
1.142800,-0.326939,76847,212
1.838100,0.517160,76848,59
4.125900,6.388930,76849,77
-0.610000,-0.482009,76850,91
-2.900000,-1.944160,76851,450
-0.750000,1.741280,76852,1546
-1.710000,0.907976,76853,1570
1.500000,2.766680,76854,1526
-1.450000,-0.180543,76855,1535
0.990000,0.494594,76856,1578
-0.640000,0.521988,76857,119
-0.445000,-0.571671,76858,136
0.240000,0.466473,76859,152
-0.150000,-0.625744,76860,170
-1.380000,0.957244,76861,173
0.910000,1.057750,76862,191
-0.880000,1.754580,76863,208
0.220000,-0.767673,76864,224
0.320000,-0.276573,76865,72
-0.980000,-0.948415,76866,86
-0.180000,-0.400368,76867,112
0.020000,-0.794722,76868,145
-0.780000,-0.136907,76869,180
0.100000,0.542734,76870,2375
-6.550000,-3.000270,76871,2386
-6.750000,-5.253390,76872,2391
-0.700000,9.387260,76873,2397
-0.680000,-2.244590,76874,2403
-2.900000,-6.552290,76875,2407
-0.950000,-6.424490,76876,2412
-2.800000,-3.736490,76877,2416
-0.850000,0.656986,76878,2373
-0.350000,-0.738189,76879,2376
-0.800000,0.686781,76880,2383
-2.800000,-1.809810,76881,2388
-0.950000,-1.410330,76882,2400
0.400000,2.325800,76883,2405
3.300000,3.284890,76884,213
0.700000,1.084120,76885,78
0.900000,1.935230,76886,105
0.515000,1.493330,76887,185
2.100000,3.021880,76888,66
1.800000,0.875550,76889,95
2.200000,3.819150,76890,122
1.000000,1.620650,76891,155
0.000000,3.916440,76892,192
2.900000,4.998230,76893,130
2.700000,3.236420,76894,146
3.200000,4.417840,76895,163
2.300000,3.685940,76896,181
2.700000,3.500010,76897,196
2.800000,4.059810,76898,214
3.200000,5.947860,76899,61
4.100000,1.165390,76900,168
1.270000,1.922270,76901,203
-0.110000,2.811760,76902,219
1.870000,-0.126582,76903,67
0.270000,1.954440,76904,81
1.290000,1.783000,76905,123
1.720000,1.204920,76906,139
0.050000,2.228810,76907,156
1.440000,1.644100,76908,174
0.300000,0.462214,76909,458
0.500000,1.397810,76910,457
1.000000,1.855340,76911,459
0.800000,1.629710,76912,449
0.500000,0.702488,76913,452
1.130000,5.289330,76914,226
0.830000,4.683770,76915,74
1.125000,5.289190,76916,88
0.630000,0.151601,76917,131
0.580000,0.069507,76918,147
2.100000,-7.374320,76919,200
2.700000,-1.731290,76920,217
2.200000,-6.819780,76921,64
-0.100000,1.990900,76922,1560
-0.300000,4.672520,76923,1569
1.650000,2.207980,76924,1577
1.300000,5.879840,76925,1585
1.200000,4.357850,76926,1594
1.300000,2.452710,76927,1603
-0.070000,0.936442,76928,1545
-0.520000,-0.444568,76929,1555
0.360000,0.392440,76930,1564
0.140000,2.714380,76931,1574
0.940000,-0.100335,76932,1582
0.440000,0.549439,76933,1590
0.210000,2.511490,76934,1598
-0.700000,3.308860,76935,2387
-1.425000,5.333060,76936,2394
-1.700000,2.028320,76937,2393
-0.100000,0.167970,76938,2399
1.105000,5.923040,76939,1600
0.505000,1.509830,76940,1513
-0.010000,3.091930,76941,1522
-0.500000,2.223650,76942,1531
-0.090000,2.723160,76943,1540
-0.190000,4.047300,76944,1550
0.110000,1.524890,76945,1559
0.200000,11.630000,76946,1568
2.720000,2.261610,76947,114
4.110000,1.846350,76948,132
3.130000,2.755600,76949,164
2.490000,-1.318090,76950,182
4.130000,3.936870,76951,197
1.815000,-0.075538,76952,215
4.900000,1.701100,76953,62
0.550000,4.244390,76954,2401
-0.200000,-0.719969,76955,2406
-0.800000,3.362790,76956,2411
1.350000,-2.354210,76957,2415
0.750000,3.162540,76958,2372
0.300000,4.147880,76959,2378
2.105000,1.763210,76960,118
2.690000,3.449820,76961,227
0.650000,1.663190,76962,2408
1.200000,1.590430,76963,2413
1.200000,1.613880,76964,1591
1.410134,2.167170,76965,2404
1.577438,1.779430,76966,2409
1.314532,0.496508,76967,2417
2.270554,0.966007,76968,2374
1.338432,0.722707,76969,2380
1.720841,-0.038458,76970,2384
1.123327,-3.315290,76971,2395
0.270000,0.093125,76972,198
7.800000,6.779380,76973,157
8.400000,22.435400,76974,176
-0.700000,-0.746937,76975,1514
0.100000,2.257090,76976,1523
-0.100000,4.742520,76977,1532
1.900000,3.431570,76978,1541
1.900000,3.464680,76979,1552
1.100000,3.231360,76980,1561
0.400000,0.917205,76981,1571
1.400000,0.735500,76982,1579
-0.400000,4.205070,76983,1587
1.600000,0.632244,76984,1595
3.910000,3.696050,76985,1604
2.535000,2.486940,76986,1518
0.290000,0.948541,76987,1527
-1.300000,10.763900,76988,1557
6.400000,7.539570,76989,151
1.600000,2.528630,76990,169
3.100000,2.366040,76991,204
2.500000,0.940469,76992,220
5.400000,-1.120390,76993,68
7.400000,6.289690,76994,82
7.000000,5.589880,76995,97
4.700000,2.547740,76996,108
5.700000,5.178570,76997,125
6.600000,8.121850,76998,141
2.800000,1.039900,76999,158
2.330000,6.778980,77000,1601
2.890000,6.910990,77001,1515
2.780000,5.280050,77002,1524
2.030000,6.737700,77003,1533
2.520000,8.076550,77004,1542
2.490000,9.547790,77005,1553
2.740000,7.968640,77006,1562
2.160000,3.350320,77007,1572
1.550000,2.837570,77008,1580
2.150000,6.720200,77009,1588
3.270000,10.595600,77010,1596
0.850000,1.426220,77011,1605
1.350000,2.597340,77012,1519
2.000000,4.093210,77013,1528
2.170000,4.036730,77014,1537
1.720000,12.609500,77015,1547
2.520000,4.096600,77016,1556
0.020000,3.130150,77017,1565
2.090000,6.954110,77018,1575
2.920000,4.855430,77019,1583
1.750000,6.585350,77020,1592
0.110000,-1.256060,77021,1599
2.220000,4.485040,77022,1607
0.030000,2.501790,77023,1521
0.270000,2.378740,77024,1530
1.340000,2.799760,77025,1539
0.920000,2.687680,77026,1549
1.880000,3.205310,77027,1558
0.320000,1.084410,77028,1567
-0.220000,-0.903612,77029,1576
1.600000,9.021690,77030,1584
0.470000,2.205720,77031,1593
0.520000,3.585220,77032,1602
0.260000,2.586840,77033,1516
0.890000,3.180500,77034,1525
0.260000,5.350800,77035,1534
0.750000,3.384750,77036,1543
0.510000,-0.139730,77037,1554
0.330000,2.966950,77038,1563
4.100000,4.828340,77039,1573
3.260000,2.735900,77040,1581
3.350000,3.202780,77041,1589
3.860000,1.773670,77042,1597
3.280000,5.127550,77043,1606
3.930000,4.132580,77044,1520
3.300000,3.830090,77045,1529
4.310000,3.100090,77046,1538
3.640000,3.240450,77047,1548
2.210000,3.809640,77048,2381
1.495000,3.187380,77049,2385
2.035000,5.268730,77050,2390
0.640000,3.188420,77051,2396
2.005000,3.143450,77052,2402
-0.358509,0.329334,77053,2270
-0.932122,-0.806007,77054,2263
