Experimental,Predicted,ID,RecordID
0.800000,2.147640,71689,332
2.600000,3.888480,71692,333
1.200000,2.757570,71694,331
0.810000,0.178664,71709,57
0.750000,2.905140,71711,56
1.590000,-0.364519,71713,77
0.610000,1.482780,71715,101
2.020000,1.465810,71717,100
0.850000,1.035520,71719,31
1.990000,0.442606,71721,110
3.470000,1.934300,71723,109
0.390000,0.813080,71725,27
3.000000,3.101440,71727,112
4.530000,4.102050,71729,71
1.360000,1.184360,71731,94
-0.740000,0.885396,71732,93
1.670000,3.984130,71734,113
2.200000,-2.894900,71736,75
-0.090000,-0.975969,71738,116
0.830000,1.516310,71740,55
3.680000,2.617160,71742,54
1.010000,0.791130,71744,97
1.670000,-0.697616,71746,95
0.380000,0.759378,71748,69
2.125000,1.883150,71750,35
-0.185000,-0.137343,71751,84
0.185000,0.072239,71753,82
1.410000,1.423210,71754,72
1.680000,2.059480,71756,105
1.050000,1.634200,71758,106
2.620000,2.490390,71760,76
1.170000,1.679350,71762,107
2.220000,1.405590,71764,108
1.130000,1.397270,71766,59
4.720000,3.683100,71768,58
2.860000,0.142092,71770,29
1.780000,-0.023963,71772,30
0.630000,-0.182227,71774,62
1.480000,1.270120,71776,60
0.600000,1.221500,71778,61
2.000000,4.094400,71780,78
-0.310000,3.942070,71782,79
0.320000,2.021070,71783,70
0.980000,0.023573,71785,64
1.660000,2.003640,71787,63
1.450000,1.805700,71789,80
1.140000,0.888054,71791,117
1.590000,2.637360,71793,81
1.640000,2.145160,71795,66
4.020000,4.492570,71797,65
0.470000,0.988317,71798,74
3.280000,2.921340,71799,73
2.410000,1.024090,71801,88
3.220000,0.355019,71803,89
1.020000,1.541620,71805,68
3.150000,6.069400,71807,67
2.920000,2.036190,71809,104
0.180000,0.143538,71811,111
2.140000,-0.446535,71813,90
0.810000,2.718450,71815,53
2.070000,2.012030,71817,52
-0.070000,4.110350,71819,85
0.140000,0.818878,71823,21
0.190000,0.698498,71824,15
0.310000,0.329347,71825,17
0.350000,-0.232201,71826,16
0.410000,0.602872,71827,22
0.480000,-0.125959,71828,20
0.660000,0.285329,71830,18
0.690000,-0.018855,71831,11
0.710000,0.651385,71832,10
0.780000,1.875800,71833,13
0.790000,0.577799,71834,23
0.810000,-0.233838,71835,14
0.700500,-0.237920,71836,26
0.880000,0.594639,71837,24
0.910000,1.367690,71839,12
0.980000,-0.777560,71840,25
1.000000,0.011213,71841,9
4.080000,7.650710,71842,19
1.200000,2.116400,71856,157
1.100000,4.360340,71862,174
-1.250000,2.381180,71871,710
-1.100000,0.518069,71872,712
0.550000,1.678770,71873,713
-0.200000,1.126460,71891,224
2.300000,13.087500,71893,177
3.700000,9.943280,71894,176
3.500000,6.423210,71895,182
-1.400000,-2.796720,71910,219
1.200000,0.855030,71915,222
1.600000,0.582706,71923,669
1.500000,2.608010,71924,670
2.300000,3.969840,71925,681
3.700000,5.502560,71926,682
2.700000,5.685210,71927,667
4.500000,7.601270,71928,668
3.500000,2.717540,71929,671
5.300000,3.924570,71930,672
1.700000,0.207757,71931,673
3.800000,2.668920,71932,674
1.650000,2.158030,71933,675
0.550000,3.120830,71934,676
2.600000,2.335370,71935,677
3.200000,4.180430,71936,678
4.600000,3.067700,71937,679
6.600000,5.440810,71938,680
5.800000,4.520510,71939,661
7.200000,6.646410,71940,662
4.900000,3.809950,71941,663
7.000000,5.822520,71942,664
2.300000,1.830910,71943,665
4.600000,4.040000,71944,666
2.900000,2.761120,71945,797
5.600000,5.342190,71946,798
2.200000,3.691020,71947,801
4.700000,5.665700,71948,802
0.250000,2.149370,71949,805
0.350000,3.865980,71950,806
2.200000,2.133600,71951,809
4.400000,4.155700,71952,810
3.100000,0.404959,71953,815
6.600000,3.160130,71954,816
3.200000,2.480070,71955,819
5.000000,5.172350,71956,820
2.900000,2.928380,71957,823
6.500000,5.233000,71958,824
4.450000,4.044370,71959,789
4.900000,4.078700,71960,790
0.000000,1.116620,71961,793
0.200000,2.539890,71962,794
0.800000,0.694282,71963,586
2.650000,3.187970,71964,584
3.300000,4.544230,71965,585
1.100000,1.248570,71966,593
2.500000,2.623360,71967,590
2.500000,4.315270,71968,591
1.800000,1.530020,71969,596
5.100000,4.050340,71970,594
6.500000,6.706980,71971,595
0.500000,0.269582,71972,599
4.000000,4.594610,71973,597
6.600000,6.650160,71974,598
1.500000,2.243560,71975,589
3.500000,2.221180,71976,587
4.400000,3.428770,71977,588
1.500000,2.607830,71978,683
2.200000,3.711650,71979,684
1.700000,0.942095,71980,687
2.400000,2.789540,71981,688
2.000000,1.202980,71982,691
4.600000,3.402960,71983,692
4.600000,1.625970,71984,694
4.500000,4.399740,71985,695
3.500000,4.624980,71986,835
5.450000,6.197980,71987,839
0.400000,-0.738597,71990,852
1.000000,0.882161,71991,854
5.300000,7.562200,71992,856
6.700000,9.623250,71993,858
6.500000,8.922100,71994,860
7.500000,9.308230,71995,862
-0.050000,0.323093,71996,827
0.250000,1.449250,71997,829
0.300000,1.523410,71998,831
0.700000,2.517090,71999,833
3.700000,6.111470,72000,560
6.200000,8.622050,72001,561
2.300000,3.655690,72002,562
4.800000,4.317880,72003,563
4.000000,3.828580,72004,564
4.700000,4.348590,72005,565
0.900000,0.575684,72013,48
0.200000,-1.398560,72151,812
0.100000,2.574490,72153,517
0.400000,1.943500,72154,518
-0.700000,-1.333970,72155,519
-0.300000,-0.736037,72156,520
-0.200000,-0.398996,72157,521
0.500000,0.844024,72158,522
3.100000,2.554990,72159,523
2.200000,2.196950,72160,524
3.800000,4.747170,72161,525
2.700000,3.501040,72162,527
3.300000,2.845090,72163,528
2.700000,1.056020,72164,530
1.300000,-0.396633,72165,547
1.800000,1.764220,72166,548
-0.300000,-1.620970,72167,539
-0.500000,-1.709170,72168,541
0.100000,1.733840,72169,542
0.400000,2.300310,72170,543
0.200000,-0.135345,72171,544
1.600000,1.085990,72172,546
1.000000,-0.110228,72173,549
0.900000,1.160270,72174,551
1.200000,0.615893,72175,552
2.700000,1.881580,72176,554
2.200000,1.939460,72177,555
3.500000,2.332370,72178,556
1.900000,-0.954031,72179,558
3.100000,-0.187796,72180,559
0.400000,0.651741,72181,531
2.200000,2.082340,72182,533
2.400000,-1.269430,72183,534
3.800000,2.073480,72184,535
0.700000,3.020100,72185,536
1.700000,2.757330,72186,538
-0.300000,0.228111,72187,622
-0.300000,-0.033853,72188,623
1.400000,0.690475,72189,637
1.900000,1.605800,72190,638
0.200000,0.679513,72191,605
0.700000,0.690990,72192,607
0.200000,1.888960,72193,620
1.200000,4.171910,72194,621
0.700000,0.706707,72195,624
0.700000,-0.473801,72196,626
-0.300000,-1.138920,72197,627
-0.200000,0.475168,72198,628
-0.100000,1.171050,72199,629
-0.200000,1.216830,72200,631
0.300000,1.383960,72201,632
0.200000,2.534250,72202,634
0.200000,0.490634,72203,635
0.300000,1.698740,72204,636
0.500000,2.404020,72205,639
1.500000,3.771720,72206,641
-0.100000,0.283549,72207,642
0.400000,0.951526,72208,644
0.100000,0.746584,72209,645
0.500000,0.031812,72210,647
0.400000,0.428095,72211,649
1.100000,1.450540,72212,651
0.600000,-0.011717,72213,652
1.100000,0.860490,72214,654
-0.200000,0.451628,72215,655
0.300000,0.763194,72216,657
0.100000,0.766850,72217,658
1.700000,1.575090,72218,660
1.300000,0.077290,72219,600
2.700000,1.812760,72220,601
-0.700000,-0.748016,72221,602
-1.000000,0.425575,72222,604
-0.200000,0.524535,72223,608
0.700000,1.851730,72224,610
1.400000,0.464041,72225,611
3.300000,2.096830,72226,613
-0.100000,-0.404959,72227,614
0.700000,2.289630,72228,616
0.800000,0.585183,72229,617
0.050000,0.394990,72230,619
0.400000,1.184470,72231,580
0.800000,1.033580,72232,581
0.500000,5.002510,72233,582
0.400000,6.646680,72234,583
3.100000,2.130460,72235,575
4.200000,2.909010,72236,576
-0.400000,0.417904,72237,577
0.500000,1.148630,72238,579
1.400000,-1.535200,72239,743
2.200000,-0.518731,72240,744
1.100000,-0.038511,72241,745
2.200000,-1.864020,72242,746
0.900000,-0.426131,72243,747
2.600000,2.172670,72244,748
1.400000,0.631845,72245,738
2.400000,2.183480,72246,740
1.700000,0.356539,72247,741
2.900000,1.421290,72248,742
3.300000,5.419150,72249,102
1.300000,1.616170,72251,32
0.700000,1.766460,72252,33
0.900000,2.110290,72255,28
1.300000,1.091170,72257,92
0.500000,0.564524,72259,91
4.000000,4.722620,72261,114
2.000000,4.777050,72263,115
0.700000,0.770604,72264,47
1.900000,1.991020,72265,45
2.100000,2.649660,72267,51
1.800000,0.305932,72269,49
2.200000,2.188260,72271,46
1.000000,1.129690,72273,50
0.000000,2.988400,72275,96
0.500000,-0.135487,72277,87
-0.600000,-0.412618,72279,86
1.200000,0.028180,72281,34
1.200000,-0.082779,72283,36
1.100000,1.210920,72285,83
2.700000,3.472090,72286,37
2.900000,4.992970,72287,43
2.700000,2.392770,72288,41
3.200000,4.276390,72289,38
2.300000,3.420370,72290,39
2.700000,3.530170,72291,40
2.800000,3.806900,72292,42
3.200000,5.733900,72293,44
2.000000,5.847860,72294,144
4.960000,2.229550,72302,1184
1.910000,4.539970,72305,1062
0.030000,-0.251351,72306,1083
1.016667,2.169840,72307,1037
0.750000,1.750850,72308,1039
3.400000,6.600740,72309,1038
4.970000,3.968440,72310,1088
3.560000,1.330090,72311,1061
1.130000,2.979000,72312,1089
0.080000,-1.228060,72313,1045
4.090000,1.480320,72314,1044
0.040000,0.097965,72316,1079
0.680000,-1.089970,72317,1078
1.090000,2.386380,72318,1030
1.960000,0.686771,72321,1036
1.305000,-1.538780,72322,1072
0.320000,-0.934464,72323,1082
0.850000,0.059380,72324,1080
1.160000,-0.053810,72325,1081
-0.080000,-0.250748,72326,1042
2.120000,1.068120,72327,1040
3.520000,2.697590,72328,1041
1.030000,1.066020,72330,1086
0.640000,0.649414,72331,1084
2.430000,1.797190,72332,1085
1.880000,1.356260,72333,1018
0.380000,1.659140,72334,1092
1.510000,1.454270,72335,1090
3.240000,4.001570,72336,1091
1.150000,2.879940,72337,1095
1.450000,3.583300,72338,1093
3.500000,3.723440,72339,1094
1.040000,2.152170,72340,1053
0.730000,2.224910,72342,1054
-3.400000,2.202610,72343,1068
1.030000,-0.199845,72345,1031
0.570000,2.175060,72346,1032
1.200000,1.405290,72347,1046
0.060000,0.550771,72348,1074
1.020000,-0.424974,72349,1073
0.400000,-0.614413,72350,1025
0.770000,-0.065269,72351,1023
0.280000,-0.246008,72352,1024
0.680000,-1.062610,72353,1028
-0.360000,0.553476,72354,1026
0.080000,1.171700,72355,1027
1.410000,-0.420907,72359,1017
1.130000,0.253315,72360,1047
2.010000,1.794140,72361,1048
0.990000,0.534810,72362,1049
1.580000,1.042620,72363,1050
1.210000,3.079210,72364,1056
2.090000,3.779450,72365,1057
0.540000,0.318147,72366,1069
0.920000,0.274993,72367,1070
1.050000,0.231233,72368,1019
1.245000,-0.190962,72369,1051
3.490000,1.957230,72370,1052
1.575000,2.450180,72371,1065
0.675000,-0.645061,72372,1029
1.740000,2.594620,72374,1058
1.010000,1.779170,72375,1059
1.020000,1.709890,72376,1060
0.580000,1.229600,72385,1066
0.980000,0.644521,72386,1076
1.570000,-3.393340,72387,1077
1.420000,-0.011369,72388,1075
1.280000,0.183862,72389,1043
0.670000,0.750440,72390,1087
1.020000,1.541510,72393,1071
1.020000,-0.029476,72395,1020
1.920000,1.592630,72396,1034
1.410000,2.850770,72397,1035
3.210000,6.313110,72398,1033
3.140000,2.098890,72399,1021
1.210000,-0.064900,72400,1055
1.510000,2.366650,72401,1064
1.220000,-0.180095,72402,1063
3.500000,3.321030,72403,1067
0.220000,0.488577,72406,103
0.560000,-0.007788,72412,98
2.310000,2.555430,72414,99
2.400000,2.771510,72419,509
1.100000,-1.005440,72420,510
0.300000,2.380060,72421,500
1.900000,1.011380,72422,501
2.600000,2.864480,72423,502
2.800000,5.441990,72424,503
1.400000,1.732670,72425,505
2.800000,1.175440,72426,506
2.000000,3.951310,72427,507
2.000000,1.453620,72429,511
2.400000,2.166100,72431,513
1.300000,-0.328925,72432,514
1.300000,1.142710,72433,516
1.000000,2.933210,72435,493
0.000000,0.717651,72437,495
1.500000,5.240690,72438,496
1.100000,1.014310,72439,497
1.200000,-0.017174,72440,498
3.700000,1.705300,72441,499
1.000000,1.557040,72443,724
0.400000,1.158170,72444,722
1.600000,2.559080,72445,714
0.400000,3.824070,72446,716
-0.100000,1.710480,72447,715
0.100000,2.441060,72448,719
0.600000,0.702231,72449,717
1.000000,2.233340,72450,721
0.000000,2.823460,72451,720
-0.800000,1.794290,72452,708
0.300000,-0.368025,72453,566
1.250000,2.111570,72455,567
-0.250000,1.776640,72457,569
1.100000,5.406190,72458,571
0.550000,2.807610,72463,572
0.100000,-2.785360,72465,573
1.750000,3.508090,72467,574
0.500000,0.807339,72470,705
0.500000,0.122061,72471,704
5.100000,-0.260338,72472,707
5.200000,-1.640520,72473,706
1.850000,2.771520,72474,699
2.050000,0.768744,72475,697
1.250000,2.063050,72476,701
1.250000,0.123096,72477,700
-0.150000,2.623470,72478,703
1.050000,1.601260,72479,702
0.900000,0.900672,72480,734
0.300000,-1.007090,72481,733
1.400000,0.140067,72482,737
0.100000,0.049762,72483,735
1.500000,1.821240,72484,726
-0.100000,0.907393,72485,725
0.600000,0.329192,72486,729
0.400000,-0.164629,72487,727
2.400000,1.394100,72488,732
0.200000,-0.049697,72489,730
1.100000,0.685811,72490,756
-0.400000,-0.980377,72491,754
1.600000,0.543762,72492,751
-0.700000,-3.096980,72493,749
0.900000,0.325937,72494,753
0.400000,-1.438580,72495,752
1.100000,0.143503,72496,786
0.700000,-0.386635,72497,785
2.400000,1.364960,72498,762
1.600000,-0.712973,72499,761
2.500000,1.825640,72500,766
1.400000,-0.277852,72501,765
2.000000,0.380243,72502,770
0.000000,0.426021,72503,769
0.600000,3.520700,72504,774
0.400000,2.396370,72505,773
3.500000,4.866940,72506,778
2.400000,2.122540,72507,777
2.000000,0.946177,72508,782
0.900000,-0.128890,72509,781
2.100000,1.989470,72510,758
1.200000,0.814949,72511,757
2.200000,3.723360,72514,198
0.600000,-0.205150,72517,207
0.200000,-4.476610,72518,990
-1.000000,0.128209,72519,998
-1.900000,-2.145530,72520,999
-0.600000,1.729410,72521,991
-0.200000,2.800300,72522,208
-1.900000,-5.974150,72524,1001
0.300000,1.552150,72526,992
0.300000,-8.411590,72528,209
-0.600000,-0.572751,72530,210
-0.100000,2.866950,72532,211
-0.500000,-1.688930,72534,212
-1.500000,-1.039230,72538,993
-1.600000,3.252740,72539,994
0.500000,0.104969,72540,995
1.000000,-1.163950,72541,986
-1.200000,-1.818330,72542,987
-1.400000,2.364790,72543,1008
-1.900000,-0.122226,72544,1009
1.300000,-0.257398,72545,988
0.800000,0.544599,72546,989
-1.300000,1.486710,72548,221
0.640000,-1.828560,72593,459
2.110000,1.820340,72595,469
-1.140000,-0.298330,72596,470
0.780000,0.056275,72597,471
0.500000,2.196070,72598,472
1.360000,0.121710,72599,473
1.230000,1.602640,72600,466
-0.670000,-1.248890,72601,467
1.440000,0.401387,72602,468
0.900000,1.357770,72603,464
-0.030000,2.236730,72604,460
2.000000,3.263790,72605,461
2.870000,2.653630,72606,463
4.330000,4.799250,72625,465
0.033333,-2.473070,72639,811
3.076667,3.067520,72642,508
-0.100000,3.095620,72645,223
1.150000,1.389340,72664,767
2.000000,1.643410,72666,512
2.400000,3.613610,72668,698
5.400000,5.979440,72695,836
5.000000,6.638120,72696,837
0.300000,0.554659,72697,838
1.600000,2.478760,72698,840
2.500000,2.524940,72699,841
3.900000,5.705920,72700,842
1.500000,0.435550,72701,843
2.000000,1.113870,72702,844
4.000000,4.078980,72703,845
3.200000,3.896600,72705,846
2.900000,5.998370,72706,847
3.000000,4.476470,72707,848
3.300000,4.649620,72708,849
3.000000,1.667590,72709,850
0.600000,0.441650,72710,851
2.310000,0.749354,72712,557
-0.200000,1.507680,72714,711
0.600000,1.805480,72715,592
0.495000,1.534280,72790,648
1.910000,0.568991,72814,377
1.864245,3.144030,72832,217
0.600000,-0.373462,72834,723
0.500000,0.074499,72835,606
0.900000,0.239341,72838,625
1.250000,2.355440,72839,568
0.300000,3.064750,72840,718
0.500000,0.758482,72841,630
0.000000,0.523450,72842,633
0.600000,1.190050,72843,570
0.800000,-1.187500,72845,545
0.000000,-4.241950,72846,755
0.800000,-0.451552,72847,504
2.000000,0.420038,72848,640
0.300000,0.319148,72849,643
1.400000,1.757420,72851,550
0.100000,1.149580,72852,646
0.000000,-0.072406,72853,650
1.100000,-4.564660,72854,553
0.700000,0.115179,72855,736
5.200000,4.990790,72856,526
0.900000,1.042170,72857,656
0.100000,0.079191,72858,853
5.300000,2.748810,72860,529
0.700000,-0.167312,72862,659
1.900000,2.021380,72864,515
3.100000,0.316244,72865,739
1.450000,6.966250,72866,494
0.000000,0.702594,72867,828
0.100000,0.024614,72868,832
0.100000,0.259973,72869,603
-0.300000,1.053340,72870,709
0.800000,-1.629660,72871,532
0.700000,1.049430,72872,728
-0.300000,-1.126050,72873,578
0.300000,0.171558,72874,609
1.000000,-2.320950,72875,750
0.700000,-0.319323,72877,731
1.400000,0.524225,72878,612
0.400000,-0.923039,72879,615
1.200000,1.106820,72880,537
1.200000,-0.401238,72881,618
2.430000,2.275190,72883,254
2.780000,3.542440,72885,255
2.970000,2.849270,72887,252
3.190000,1.215860,72889,253
3.540000,6.867750,72891,229
2.570000,3.374010,72893,239
2.130000,2.792570,72895,256
2.480000,2.606400,72897,230
3.160000,3.194840,72898,231
1.810000,2.743240,72900,232
2.970000,2.119810,72902,257
0.760000,-0.854532,72904,234
3.810000,5.422870,72906,233
1.540000,6.879400,72908,236
0.380000,2.793010,72910,237
3.560000,5.717540,72912,240
2.160000,2.697160,72914,258
2.750000,4.012500,72916,251
2.320000,5.518410,72918,238
0.810000,1.555710,72920,241
2.290000,3.745650,72922,242
2.130000,0.649258,72924,225
2.840000,2.525240,72926,226
0.840000,1.912520,72928,227
2.490000,2.503520,72930,228
0.920000,0.452642,72932,235
1.440000,2.500800,72934,244
-0.860000,-1.447500,72936,245
1.600000,0.685009,72938,243
1.490000,1.007490,72940,247
-0.230000,-2.901540,72942,248
1.970000,-0.107366,72944,246
0.810000,-2.872440,72946,250
2.650000,0.862697,72948,249
0.740000,1.030110,73004,475
1.270000,-0.111968,73007,474
0.710000,2.468160,73021,476
1.680000,4.964900,73028,477
2.000000,2.684070,73034,462
0.764818,3.850770,73038,215
1.529637,2.406590,73039,214
2.270554,2.461710,73040,213
-0.143403,-0.000947,73041,216
2.070000,3.311490,73046,329
2.630000,5.557360,73048,330
0.660000,1.730810,73068,353
0.310000,1.904110,73069,352
1.000000,2.278950,73070,351
-0.200000,1.939350,73122,540
4.550000,8.061620,73124,1179
0.000000,-0.053692,73125,1143
1.910000,2.227620,73132,1144
1.910000,2.152560,73136,1167
3.110000,3.027040,73137,1147
2.870000,2.246020,73143,1172
0.420000,-2.092240,73154,220
0.740000,-2.664460,73190,967
0.450000,-1.562520,73191,966
3.200000,2.715960,73201,800
1.300000,2.652800,73202,804
-0.200000,0.988823,73203,808
1.300000,2.103090,73204,814
3.800000,0.864837,73205,818
3.300000,2.860900,73206,822
2.500000,2.542570,73207,826
2.300000,0.465902,73208,792
0.300000,1.638080,73209,796
4.700000,4.361830,73210,799
2.400000,4.320050,73211,803
0.100000,2.659740,73212,807
3.100000,2.248950,73213,813
5.400000,2.385660,73214,817
5.100000,3.303610,73215,821
4.900000,5.493230,73216,825
4.800000,2.476950,73217,791
0.000000,0.852130,73218,795
2.400000,1.568690,73220,857
2.000000,1.020830,73221,861
0.100000,-1.395060,73223,855
3.900000,6.226570,73224,859
4.500000,6.630040,73225,863
-0.200000,0.377221,73226,830
0.300000,1.220970,73227,834
0.300000,2.296750,73228,787
0.600000,0.827105,73229,763
1.100000,1.206700,73230,771
0.000000,1.569330,73231,775
2.100000,2.354050,73232,779
0.700000,0.656424,73233,783
0.600000,1.154950,73234,759
0.400000,-0.206185,73235,788
0.900000,-0.422607,73236,764
-0.400000,-2.008010,73237,768
-0.800000,0.021655,73238,772
-0.100000,2.153510,73239,776
0.200000,1.706330,73240,780
-0.200000,0.628786,73241,784
1.800000,2.214730,73242,760
-0.100000,-0.271644,73253,1210
-1.000000,-1.515130,73254,1209
-2.970000,-0.549731,73269,969
2.870000,1.288340,73393,458
3.700000,2.214360,73395,457
0.040000,6.852940,73420,394
0.590000,0.828606,73423,410
0.830000,4.531860,73426,395
0.300000,-1.658620,73430,199
3.130000,0.246697,73433,903
0.670000,2.413250,73439,205
1.000000,3.372260,73440,190
0.300000,6.905630,73441,181
0.800000,5.074610,73442,192
0.440000,2.183520,73443,191
0.200000,1.150150,73444,180
1.780000,0.608186,73445,193
-0.200000,-0.193739,73446,179
-0.400000,-1.043370,73447,175
-0.100000,0.619307,73448,178
2.127151,0.625962,73454,266
0.956023,0.275179,73458,267
0.788719,3.218740,73463,265
0.932122,-0.106862,73469,269
1.147228,1.174820,73470,270
0.406310,1.812470,73471,268
2.390057,4.071800,73474,271
0.500000,0.265542,73476,456
2.800000,3.619530,73480,968
-0.600000,0.144340,73562,261
1.000000,2.893680,73563,262
2.400000,-0.175638,73567,263
-0.100000,-0.312862,73569,264
0.010000,4.377590,73578,186
0.800000,-1.305410,73583,690
0.600000,-1.178640,73584,689
-0.490000,0.353010,73589,359
2.930000,1.724910,73590,380
0.720000,1.103960,73592,375
1.740000,0.607500,73593,358
2.740000,3.947670,73664,888
2.860000,4.994560,73665,879
0.180000,1.464320,73666,880
1.360000,3.362440,73667,898
2.800000,3.111550,73668,865
3.670000,4.797310,73669,870
0.230000,0.764351,73670,871
1.730000,4.063800,73671,886
1.380000,2.087780,73672,872
0.320000,1.236810,73673,873
3.280000,3.853540,73674,874
0.500000,0.142635,73675,875
4.290000,5.358870,73676,882
4.220000,5.888370,73677,899
2.190000,0.674755,73678,876
2.990000,1.588180,73679,883
4.140000,7.563320,73680,902
1.380000,5.345730,73681,901
2.060000,3.835370,73682,877
0.830000,2.387030,73683,878
4.220000,3.697170,73684,884
0.930000,2.577070,73685,889
1.220000,1.017300,73686,894
2.810000,3.102730,73687,897
3.060000,3.802100,73688,885
-0.040000,-1.201790,73689,891
2.820000,1.358560,73690,892
0.110000,1.318570,73691,890
1.090000,1.400610,73692,866
-1.610000,-1.657790,73693,867
0.340000,-0.375155,73694,868
5.430000,8.030870,73695,869
-0.100000,-1.767290,73728,653
-2.500000,-5.402830,73759,996
-2.700000,-8.826740,73760,997
-3.300000,-5.176440,73761,1000
2.120000,3.628300,73796,138
0.270000,-0.044910,73798,125
0.290000,-0.196298,73800,121
2.290000,3.846400,73802,136
1.210000,1.524210,73804,123
0.130000,0.758950,73806,132
0.230000,3.189300,73808,137
0.380000,1.099200,73810,130
2.720000,4.360570,73813,124
-0.720000,-1.311570,73815,133
2.310000,9.704340,73817,122
0.540000,-2.345850,73819,120
0.840000,0.444477,73822,135
0.560000,-0.792980,73824,131
1.270000,1.619030,73826,118
1.630000,2.459080,73828,139
-0.180000,0.002111,73830,134
2.100000,1.073630,73832,119
3.920000,4.533870,73834,126
1.450000,1.691840,73836,127
0.430000,0.858147,73838,129
0.670000,2.405660,73840,128
3.632887,4.157110,73849,418
2.800000,2.529210,73897,1173
0.900000,1.075660,73905,685
4.400000,1.205000,73907,696
0.500000,0.627190,73908,686
0.800000,0.686985,73909,693
2.060000,4.323360,74367,188
1.920000,1.671120,74374,187
0.390000,3.354360,74378,195
-0.600000,0.511779,74389,1136
-0.500000,0.013277,74391,1137
-0.400000,2.988810,74392,1150
-1.050000,-0.424343,74397,183
-0.750000,1.894770,74398,206
-0.590000,0.828514,74399,200
-0.160000,-0.581360,74400,185
0.260000,-0.954880,74401,203
0.260000,1.070570,74402,201
0.410000,1.337770,74403,197
1.120000,-0.103719,74404,184
1.450000,1.921850,74405,204
1.410000,2.175280,74406,202
1.600000,3.321890,74407,194
0.358509,1.182410,74444,414
1.195029,2.267870,74446,419
1.099426,2.027680,74448,426
0.478011,1.271640,74450,428
0.717017,2.457320,74452,412
1.505736,1.296880,74454,446
0.358509,0.978531,74456,447
0.740918,0.556226,74458,448
0.979924,2.257120,74460,449
0.262906,1.497850,74462,442
-0.525813,-0.409033,74464,443
1.434034,1.649620,74466,444
1.314532,2.494670,74468,445
1.860000,4.201150,74481,1125
3.500000,4.556100,74482,1120
2.300000,4.309220,74483,1121
4.500000,4.822860,74484,1130
4.300000,4.238920,74485,1122
3.800000,5.770600,74486,1103
-0.320000,-0.283634,74497,1139
1.030000,0.931736,74498,1118
-0.340000,-1.616680,74499,1153
-0.010000,-0.354444,74500,1101
0.950000,0.240717,74501,1097
0.560000,0.211319,74502,1119
-0.570000,1.287580,74507,1162
-0.440000,0.700062,74508,1140
-0.390000,0.612841,74515,1156
0.210000,2.106030,74517,1138
0.140000,0.028459,74533,1155
-0.170000,0.225897,74534,1135
-1.270000,-2.345780,74535,1152
0.180000,-0.713864,74536,1151
0.200000,0.096488,74537,1133
0.240000,-0.178282,74538,1148
0.220000,-0.003805,74539,1149
0.600000,2.919150,74546,1145
1.100000,2.486080,74547,1146
1.300000,1.970450,74558,1175
1.600000,1.881500,74559,1177
-0.160000,-1.236860,74585,1100
-0.390000,-1.202640,74586,1169
0.660000,1.780540,74597,1160
1.100000,1.958430,74598,1159
0.500000,2.121050,74602,1158
1.200000,3.103600,74604,1161
0.600000,-0.945366,74607,1141
0.100000,-0.537874,74608,1117
0.400000,2.508040,74614,1113
0.700000,3.457250,74617,1110
2.300000,3.059370,74618,1112
2.100000,4.659660,74620,1111
-1.100000,2.981380,74639,1099
0.300000,1.448370,74655,1096
0.530000,-0.177002,74674,1154
0.120000,0.490028,74679,1171
0.680000,1.627000,74683,1170
-0.300000,2.261290,74689,1104
0.200000,0.077826,74692,1165
1.600000,1.099130,74694,1164
1.500000,1.722010,74695,1166
1.500000,-0.161054,74696,1163
2.600000,2.550870,74699,1157
-0.450000,0.377540,74709,1181
-0.760000,-1.264000,74718,1180
-0.040000,0.232969,74722,1182
0.150000,-2.543070,74730,1186
0.910000,-0.037414,74736,1185
4.400000,1.871190,74747,1183
1.400000,0.032311,74767,1098
-0.450000,1.551590,74787,864
0.900000,1.197470,74790,1124
0.500000,-0.275567,74798,163
1.300000,2.473320,74799,158
-0.200000,-0.428010,74800,140
3.000000,3.499380,74801,145
0.600000,0.857430,74802,153
1.500000,-0.470948,74803,143
0.300000,1.493020,74804,159
0.800000,2.785100,74805,160
1.200000,2.977580,74806,173
0.000000,1.437410,74807,169
0.400000,0.712404,74809,148
0.300000,-0.021841,74810,162
1.500000,2.226240,74811,146
2.100000,1.731410,74812,147
1.800000,0.303371,74813,164
2.200000,3.114420,74814,155
0.000000,0.116314,74815,149
0.000000,0.129613,74817,152
1.000000,1.849170,74818,161
0.100000,0.952964,74819,170
1.200000,2.250360,74820,172
0.000000,0.093135,74822,165
0.400000,0.478608,74823,150
0.500000,0.092627,74824,166
3.300000,1.842590,74825,156
-0.100000,0.059079,74826,151
1.600000,0.312580,74827,168
0.200000,0.872374,74828,142
0.400000,-1.111170,74829,141
1.700000,0.521956,74830,154
0.100000,0.567742,74831,167
0.100000,0.110541,74832,171
2.700000,4.749060,74873,1107
3.100000,4.421400,74874,1108
2.600000,2.173500,74875,1109
2.000000,1.656540,74876,1114
3.200000,5.637900,74877,1115
1.600000,5.272660,74878,1116
3.400000,4.182570,74879,1106
1.500000,4.397450,74880,1174
1.700000,2.716940,74881,1176
1.800000,1.279490,74882,1178
1.300000,2.893190,74884,1168
1.900000,1.863820,74885,1134
2.300000,1.743870,74886,1132
1.900000,4.635610,74887,1105
3.100000,3.965860,74888,1102
2.600000,5.117880,74889,1127
3.600000,5.816560,74890,1123
3.900000,3.060650,74891,1126
3.900000,5.669680,74892,1128
3.100000,4.379640,74893,1129
0.979924,0.491622,74903,985
0.501912,0.504109,74914,451
0.191205,-0.390278,74916,452
-0.071702,-0.105300,74918,453
0.956023,1.456150,74920,454
0.239006,0.091498,74922,455
0.358509,0.411414,74924,450
2.533461,4.277520,74943,413
3.704589,3.812140,74945,415
1.720841,4.562220,74947,420
2.700765,3.604540,74949,427
0.932122,3.892490,74951,411
3.824092,6.674110,74953,421
-0.050000,0.581113,74969,1142
6.300000,7.490080,74989,1131
0.095602,1.568550,74997,416
1.768642,1.188340,74999,417
0.000000,0.523907,75002,422
1.290631,3.396460,75004,423
3.585086,5.459000,75007,424
2.222753,4.947240,75009,425
-2.720000,2.867720,75295,259
-2.350000,3.011260,75296,260
-1.400000,0.614845,75362,481
1.900000,1.986990,75407,189
2.040000,4.513530,75408,196
-1.600000,-0.726714,75574,390
-2.210000,-1.160080,75575,391
-0.880000,-0.756231,75576,392
0.260000,0.417087,75577,388
-1.280000,-1.696450,75578,393
-1.000000,-2.344550,75579,389
-1.010000,-1.425210,75580,385
0.280000,-0.747299,75581,386
2.940000,5.237600,75582,402
1.390000,2.540380,75583,398
1.720000,3.243220,75584,409
-0.100000,-0.421303,75585,387
1.830000,1.805250,75586,399
1.400000,1.098100,75587,400
1.800000,1.972810,75589,384
0.460000,-0.302019,75590,403
-1.075000,2.579090,75591,404
0.560000,-0.933644,75592,396
0.640000,-0.632743,75593,405
1.740000,3.218950,75594,406
0.870000,-0.853858,75596,407
0.100000,4.504880,75597,401
3.600000,0.503972,75598,397
1.910000,3.111270,75599,408
-0.400000,1.675620,75602,948
2.100000,4.817180,75604,965
1.300000,5.619890,75606,918
3.700000,5.807730,75608,917
2.200000,2.862960,75610,945
1.600000,2.029900,75612,926
3.600000,3.660400,75614,925
0.000000,1.052080,75616,931
0.200000,0.269168,75618,962
0.400000,-0.214561,75620,963
0.200000,2.191490,75622,938
1.400000,1.667010,75624,923
2.800000,1.248480,75626,939
3.800000,3.198260,75628,940
2.300000,0.310414,75630,924
0.600000,0.858886,75632,928
2.800000,1.363960,75634,927
2.300000,1.984750,75636,964
2.400000,3.456820,75638,941
0.600000,1.830820,75640,930
2.000000,2.719170,75642,929
2.800000,3.577870,75644,942
-0.500000,3.932130,75646,920
2.800000,7.531970,75648,919
3.800000,3.838550,75650,943
2.600000,1.864920,75652,907
0.000000,-1.453610,75654,959
-0.500000,-0.733754,75656,921
0.500000,1.984260,75658,922
0.300000,-2.273160,75660,955
1.900000,-0.848769,75662,956
0.200000,-1.488710,75664,909
1.200000,-0.535628,75666,910
-0.100000,-0.746658,75670,915
1.100000,0.728678,75672,916
-0.300000,-0.581803,75674,960
0.100000,0.332053,75676,961
-0.200000,-0.089955,75678,946
0.400000,1.678360,75680,947
-0.400000,-0.305354,75682,932
0.500000,0.735826,75684,933
-0.300000,-0.921486,75686,957
0.600000,0.343162,75688,958
1.100000,1.627410,75690,904
1.100000,1.445990,75692,905
0.700000,1.870400,75694,949
1.800000,2.813280,75696,950
0.100000,-0.424075,75698,911
1.300000,0.180069,75700,912
0.100000,0.134263,75702,934
1.400000,0.938158,75704,935
0.000000,0.127598,75706,951
1.300000,0.836086,75708,952
1.100000,1.216220,75710,906
-0.700000,-0.903461,75712,913
0.300000,-0.861510,75714,914
0.400000,-0.876329,75716,936
1.300000,1.049270,75718,937
-0.400000,-0.008609,75720,953
0.700000,1.104710,75722,954
1.800000,1.181880,75724,908
0.956023,2.150900,76004,1204
3.346080,4.624760,76005,1193
1.971797,5.583860,76006,1190
1.673040,4.981240,76007,1202
1.673040,4.144910,76008,1203
1.673040,4.600390,76009,1197
3.346080,9.692830,76010,1207
1.792543,6.022030,76011,1198
3.107075,3.601020,76012,1205
1.912046,2.487570,76013,1194
1.673040,2.754550,76014,1187
0.956023,2.727010,76015,1206
2.629063,8.456230,76016,1189
3.585086,8.430470,76017,1208
5.019120,8.614190,76018,1188
2.868069,2.713750,76019,1201
0.382409,1.989700,76222,1192
2.390057,4.438420,76223,1191
0.358509,6.847280,76226,1200
2.342256,7.197850,76227,1199
0.155354,-0.157633,76228,1196
2.509560,1.814710,76229,1195
2.400000,2.707400,76538,479
2.000000,2.958950,76539,488
1.100000,1.006440,76540,487
3.000000,3.585940,76541,484
1.200000,-1.099530,76542,480
1.000000,1.671940,76543,483
3.400000,3.616910,76544,489
0.900000,1.770380,76545,490
2.700000,4.909040,76546,482
2.200000,3.464760,76547,491
2.000000,2.279700,76548,478
2.400000,3.014590,76549,492
0.310707,1.559460,76550,485
-0.400000,-0.113854,76551,486
2.800000,2.270840,76569,1016
0.300000,-2.818960,76570,1011
-0.800000,-2.324850,76571,1002
-2.700000,-0.199758,76572,1012
-2.900000,-0.719162,76573,1006
-1.400000,-0.686947,76574,1013
-2.200000,-7.154790,76575,1014
-1.400000,-2.331600,76577,1004
0.600000,-5.247020,76578,1007
-1.400000,-1.969240,76579,1005
0.600000,1.873270,76580,1015
-1.900000,-1.502010,76581,1010
-2.100000,2.327210,76582,1003
-0.004000,0.020597,76583,1022
2.110000,2.268940,76633,881
0.440000,0.265569,76634,900
0.460000,1.452520,76635,887
1.960000,-0.097478,76636,893
1.920000,2.998260,76637,896
3.430000,1.054100,76638,895
1.220000,2.749560,76653,324
1.630000,0.967273,76654,321
4.900000,5.346210,76655,295
0.560000,0.959561,76656,296
0.920000,0.850317,76657,297
2.430000,2.947320,76658,272
1.870000,0.468410,76659,307
3.120000,4.513770,76660,304
1.370000,2.624870,76661,291
0.470000,0.217128,76662,292
3.120000,5.764980,76663,284
0.680000,3.774580,76664,285
1.780000,1.534590,76665,308
0.300000,0.653969,76666,311
1.170000,0.691661,76667,314
1.110000,0.761434,76668,315
0.590000,-0.162136,76669,281
4.250000,6.055230,76670,286
3.120000,6.802560,76671,287
0.880000,0.108356,76672,298
1.250000,-0.371858,76673,316
3.080000,4.515070,76674,288
0.380000,1.735010,76675,289
-0.160000,0.921777,76676,299
2.540000,2.842970,76677,273
1.090000,0.094515,76678,317
-0.410000,-0.756101,76679,312
0.820000,0.514232,76680,313
1.190000,0.780366,76681,282
3.100000,2.926030,76682,274
2.820000,4.643760,76683,325
1.320000,1.193690,76684,275
2.460000,3.589340,76685,326
3.120000,3.333260,76686,276
1.210000,-0.866288,76687,278
2.140000,0.553159,76688,279
0.170000,1.302050,76689,318
2.440000,3.704480,76690,305
-0.580000,-0.496366,76691,300
-0.350000,-0.058233,76692,301
0.340000,0.649287,76693,309
0.230000,-0.741829,76694,283
0.970000,0.679921,76695,319
0.920000,2.581840,76696,322
0.200000,-0.011761,76697,280
1.140000,1.655230,76698,323
0.490000,-0.070814,76699,277
0.090000,0.894421,76700,302
1.660000,3.448310,76701,327
-0.430000,1.519820,76702,328
1.830000,2.191960,76703,320
3.770000,4.272150,76704,306
1.730000,0.511140,76705,310
4.720000,7.077230,76706,293
1.690000,2.194630,76707,294
0.450000,0.762466,76708,303
3.340000,8.406260,76709,290
1.620000,6.476340,76710,382
2.090000,2.647640,76711,364
1.850000,3.182550,76712,367
0.600000,0.469688,76713,371
0.470000,0.421757,76714,360
0.380000,1.925800,76715,372
0.460000,0.911305,76716,373
2.390000,1.911930,76717,354
1.750000,0.749413,76718,357
-0.220000,0.838366,76719,374
2.960000,3.482050,76720,355
0.050000,1.119790,76721,365
0.700000,1.013390,76722,378
1.420000,3.085090,76723,361
2.020000,1.469680,76724,366
1.000000,1.491230,76725,370
0.920000,4.036780,76726,381
2.480000,2.927330,76727,356
2.500000,0.521638,76728,368
-0.170000,0.571333,76729,369
1.720000,3.087040,76730,379
2.840000,9.102230,76731,363
3.340000,5.025650,76732,383
1.870000,0.977393,76733,376
3.540000,6.125890,76734,362
0.525813,0.743585,76735,429
1.123327,1.785490,76736,430
0.239006,2.046100,76737,431
1.362333,2.259230,76738,432
-0.478011,1.372750,76739,433
-0.382409,1.071250,76740,434
-0.310707,-0.615188,76741,435
1.505736,-1.224210,76742,436
1.338432,1.446210,76743,437
0.358509,0.360088,76744,438
-0.956023,-0.314980,76745,439
0.908222,-0.366479,76746,440
0.693117,4.259790,76747,441
1.400000,4.991100,76748,944
